0,-426.67
0,-275.56
1,-284.44
2,-257.78
2,-488.89
3,-453.33
4,-551.11
4,-524.44
5,-773.33
6,-720.00
6,-800.00
7,-951.11
7,-915.56
8,-808.89
9,-604.44
9,-551.11
10,-328.89
11,-222.22
11,-293.33
12,-435.56
13,-497.78
14,-622.22
15,-640.00
16,-826.67
17,-924.44
18,-817.78
19,-595.56
20,-311.11
21,-248.89
22,-302.22
23,-328.89
24,-657.78
25,-808.89
26,-1031.11
27,-906.67
28,-666.67
29,-337.78
30,-115.56
31,-320.00
32,-328.89
33,-595.56
34,-577.78
35,-808.89
36,-942.22
37,-862.22
38,-657.78
39,-311.11
40,-257.78
41,-293.33
43,-488.89
44,-551.11
45,-808.89
46,-862.22
47,-986.67
48,-791.11
49,-551.11
50,-364.44
51,-320.00
52,-417.78
53,-453.33
54,-568.89
55,-702.22
56,-871.11
57,-1040.00
58,-880.00
59,-586.67
60,-266.67
61,-284.44
62,-400.00
63,-435.56
64,-720.00
65,-800.00
66,-995.56
67,-862.22
68,-711.11
69,-497.78
70,-275.56
71,-391.11
72,-248.89
73,-426.67
74,-488.89
75,-844.44
76,-986.67
77,-942.22
78,-675.56
79,-231.11
80,-213.33
81,-231.11
82,-524.44
83,-586.67
84,-764.44
86,-728.89
87,-862.22
88,-808.89
89,-586.67
90,-400.00
91,-231.11
92,-355.56
93,-435.56
94,-560.00
95,-720.00
96,-782.22
97,-924.44
98,-764.44
99,-577.78
100,-382.22
101,-302.22
102,-471.11
103,-391.11
104,-693.33
105,-826.67
106,-1004.44
108,-844.44
109,-560.00
110,-160.00
111,-204.44
112,-248.89
113,-462.22
114,-684.44
115,-906.67
116,-1093.33
117,-960.00
119,-657.78
120,-355.56
121,-311.11
122,-391.11
123,-471.11
124,-568.89
125,-728.89
126,-942.22
128,-906.67
129,-675.56
130,-382.22
131,-284.44
132,-462.22
134,-551.11
135,-631.11
136,-702.22
137,-915.56
138,-915.56
139,-648.89
140,-435.56
141,-346.67
142,-426.67
143,-328.89
144,-595.56
145,-684.44
147,-835.56
148,-808.89
149,-631.11
150,-373.33
151,-275.56
152,-391.11
153,-488.89
154,-737.78
155,-800.00
156,-968.89
157,-826.67
158,-506.67
159,-177.78
161,-115.56
162,-302.22
163,-435.56
164,-666.67
165,-835.56
166,-951.11
167,-977.78
168,-666.67
169,-266.67
171,-204.44
172,-408.89
173,-515.56
174,-640.00
176,-737.78
177,-951.11
178,-942.22
179,-773.33
180,-435.56
181,-311.11
182,-302.22
183,-382.22
184,-551.11
185,-693.33
186,-1022.22
188,-986.67
189,-844.44
190,-515.56
191,-311.11
192,-311.11
193,-320.00
194,-533.33
195,-737.78
196,-880.00
197,-853.33
198,-631.11
199,-364.44
200,-266.67
202,-373.33
203,-577.78
204,-684.44
205,-773.33
206,-853.33
207,-924.44
208,-604.44
209,-391.11
210,-302.22
211,-435.56
212,-524.44
214,-613.33
215,-657.78
217,-835.56
218,-880.00
219,-764.44
220,-497.78
221,-328.89
222,-346.67
223,-337.78
224,-542.22
225,-693.33
226,-1022.22
227,-986.67
229,-755.56
230,-311.11
231,-17.78
232,-222.22
233,-231.11
234,-657.78
235,-746.67
236,-1004.44
237,-951.11
238,-728.89
239,-364.44
240,-275.56
241,-346.67
243,-488.89
244,-533.33
245,-693.33
246,-808.89
247,-897.78
248,-657.78
249,-480.00
250,-284.44
251,-426.67
252,-506.67
253,-622.22
254,-631.11
257,-800.00
258,-942.22
259,-888.89
260,-568.89
261,-417.78
262,-364.44
263,-364.44
264,-453.33
265,-675.56
266,-897.78
267,-960.00
268,-800.00
269,-462.22
271,-177.78
272,-346.67
273,-400.00
274,-737.78
275,-782.22
276,-995.56
277,-942.22
278,-657.78
279,-293.33
280,-160.00
281,-275.56
282,-453.33
283,-560.00
285,-755.56
286,-853.33
287,-1013.33
288,-808.89
289,-506.67
290,-168.89
291,-293.33
292,-391.11
293,-542.22
294,-622.22
295,-844.44
297,-977.78
299,-862.22
300,-515.56
301,-293.33
302,-195.56
303,-266.67
304,-408.89
305,-648.89
306,-871.11
307,-1057.78
308,-826.67
309,-613.33
311,-328.89
312,-382.22
313,-337.78
314,-568.89
315,-631.11
316,-755.56
317,-880.00
318,-675.56
319,-426.67
320,-204.44
321,-364.44
322,-515.56
323,-640.00
325,-791.11
326,-862.22
327,-951.11
328,-808.89
329,-480.00
330,-231.11
331,-373.33
332,-462.22
333,-640.00
334,-684.44
335,-808.89
336,-977.78
338,-871.11
339,-542.22
340,-266.67
342,-293.33
343,-408.89
344,-542.22
345,-684.44
346,-924.44
347,-1022.22
348,-915.56
349,-586.67
350,-231.11
352,-151.11
353,-213.33
354,-373.33
355,-551.11
356,-826.67
357,-986.67
358,-888.89
359,-560.00
360,-382.22
361,-284.44
362,-444.44
363,-453.33
365,-604.44
366,-693.33
367,-924.44
368,-791.11
369,-524.44
370,-328.89
371,-328.89
372,-462.22
373,-568.89
374,-648.89
375,-711.11
376,-933.33
377,-791.11
379,-622.22
380,-408.89
381,-328.89
382,-462.22
384,-400.00
385,-640.00
386,-773.33
387,-933.33
388,-791.11
389,-595.56
390,-168.89
391,-275.56
392,-355.56
394,-595.56
395,-782.22
396,-968.89
397,-1111.11
398,-924.44
399,-568.89
400,-257.78
401,-231.11
402,-337.78
403,-417.78
404,-595.56
406,-791.11
407,-960.00
408,-933.33
409,-622.22
410,-355.56
411,-231.11
412,-391.11
413,-568.89
414,-595.56
415,-737.78
416,-951.11
417,-897.78
418,-693.33
420,-400.00
421,-248.89
422,-373.33
423,-293.33
424,-613.33
425,-711.11
427,-906.67
428,-933.33
429,-657.78
430,-408.89
431,-284.44
432,-364.44
433,-400.00
435,-666.67
436,-728.89
437,-915.56
438,-791.11
439,-524.44
440,-213.33
441,-213.33
442,-382.22
443,-506.67
444,-702.22
445,-835.56
446,-942.22
448,-880.00
449,-604.44
450,-293.33
451,-186.67
452,-426.67
453,-488.89
454,-666.67
455,-791.11
456,-933.33
457,-951.11
458,-782.22
459,-444.44
460,-302.22
462,-382.22
463,-391.11
464,-640.00
465,-755.56
466,-1022.22
467,-1040.00
468,-746.67
470,-471.11
471,-248.89
472,-328.89
474,-311.11
475,-568.89
476,-648.89
477,-924.44
478,-844.44
479,-622.22
480,-364.44
481,-275.56
482,-444.44
483,-524.44
484,-640.00
485,-720.00
486,-853.33
488,-862.22
489,-631.11
490,-320.00
491,-302.22
492,-453.33
493,-515.56
494,-604.44
495,-622.22
496,-817.78
497,-897.78
498,-737.78
499,-435.56
500,-311.11
502,-346.67
503,-488.89
504,-595.56
505,-702.22
506,-880.00
507,-871.11
508,-702.22
509,-382.22
510,-204.44
512,-311.11
513,-391.11
514,-631.11
516,-844.44
517,-1022.22
518,-1004.44
519,-720.00
520,-382.22
521,-168.89
522,-311.11
523,-426.67
524,-551.11
525,-711.11
526,-880.00
528,-986.67
529,-693.33
530,-444.44
531,-311.11
532,-444.44
533,-524.44
534,-640.00
535,-622.22
536,-862.22
537,-951.11
538,-791.11
539,-497.78
540,-408.89
542,-373.33
543,-364.44
544,-444.44
545,-568.89
546,-880.00
547,-880.00
548,-755.56
549,-497.78
550,-213.33
551,-391.11
552,-408.89
553,-737.78
556,-800.00
557,-977.78
558,-862.22
559,-631.11
560,-160.00
561,-97.78
562,-284.44
563,-444.44
564,-604.44
565,-764.44
566,-906.67
567,-986.67
568,-693.33
569,-426.67
571,-195.56
572,-302.22
573,-453.33
574,-568.89
575,-693.33
576,-871.11
577,-960.00
578,-826.67
579,-524.44
580,-311.11
581,-266.67
582,-382.22
583,-462.22
585,-702.22
586,-960.00
587,-1057.78
588,-924.44
589,-568.89
590,-240.00
591,-275.56
592,-195.56
593,-524.44
594,-604.44
595,-808.89
598,-915.56
599,-791.11
600,-435.56
601,-364.44
602,-408.89
603,-560.00
604,-648.89
605,-737.78
606,-808.89
607,-924.44
608,-693.33
609,-417.78
610,-213.33
612,-346.67
613,-524.44
614,-577.78
615,-720.00
616,-791.11
617,-951.11
618,-835.56
619,-524.44
620,-320.00
621,-293.33
622,-435.56
623,-480.00
625,-764.44
626,-853.33
627,-995.56
628,-773.33
629,-488.89
630,-124.44
631,-177.78
632,-257.78
633,-497.78
634,-684.44
635,-915.56
636,-1093.33
638,-844.44
640,-604.44
641,-302.22
642,-266.67
643,-408.89
644,-471.11
645,-560.00
646,-737.78
647,-924.44
648,-835.56
649,-560.00
650,-337.78
651,-355.56
653,-444.44
654,-560.00
655,-631.11
656,-702.22
657,-924.44
658,-853.33
659,-622.22
660,-355.56
661,-391.11
662,-373.33
663,-488.89
664,-595.56
666,-720.00
667,-888.89
668,-871.11
669,-693.33
670,-435.56
671,-302.22
672,-453.33
673,-462.22
674,-728.89
675,-835.56
676,-968.89
677,-800.00
678,-551.11
680,-151.11
681,-204.44
683,-373.33
684,-462.22
685,-693.33
686,-817.78
687,-1040.00
688,-880.00
689,-622.22
690,-302.22
691,-213.33
692,-355.56
694,-497.78
695,-595.56
696,-728.89
697,-960.00
698,-888.89
699,-702.22
700,-400.00
701,-311.11
702,-328.89
703,-435.56
704,-515.56
705,-737.78
707,-986.67
708,-968.89
709,-737.78
710,-426.67
711,-231.11
712,-266.67
713,-311.11
714,-586.67
715,-711.11
716,-897.78
717,-844.44
718,-542.22
719,-240.00
721,-266.67
722,-417.78
723,-533.33
724,-755.56
726,-808.89
727,-951.11
728,-835.56
729,-568.89
730,-266.67
731,-222.22
732,-471.11
733,-595.56
735,-702.22
736,-746.67
737,-933.33
738,-888.89
739,-800.00
740,-382.22
741,-328.89
742,-391.11
743,-488.89
744,-586.67
745,-808.89
746,-986.67
747,-933.33
749,-693.33
750,-373.33
751,-195.56
752,-231.11
753,-355.56
754,-622.22
755,-791.11
756,-1022.22
757,-995.56
758,-631.11
759,-320.00
760,-177.78
762,-337.78
763,-417.78
764,-604.44
765,-702.22
766,-862.22
768,-880.00
769,-622.22
770,-355.56
771,-266.67
772,-453.33
773,-515.56
774,-648.89
776,-675.56
777,-853.33
778,-880.00
779,-746.67
780,-391.11
781,-346.67
782,-355.56
783,-364.44
784,-551.11
785,-666.67
786,-844.44
787,-906.67
788,-755.56
790,-488.89
791,-266.67
792,-417.78
793,-400.00
794,-702.22
795,-800.00
796,-968.89
797,-942.22
798,-666.67
799,-346.67
800,-151.11
801,-266.67
802,-444.44
804,-577.78
805,-782.22
806,-862.22
807,-1048.89
808,-773.33
809,-480.00
811,-222.22
812,-391.11
813,-444.44
814,-595.56
815,-631.11
817,-888.89
818,-995.56
819,-844.44
820,-497.78
821,-328.89
822,-284.44
823,-355.56
824,-551.11
825,-577.78
826,-915.56
827,-968.89
828,-862.22
829,-506.67
831,-311.11
832,-266.67
833,-266.67
834,-453.33
835,-586.67
836,-755.56
837,-906.67
838,-808.89
839,-488.89
840,-302.22
841,-328.89
842,-444.44
844,-595.56
845,-711.11
846,-826.67
847,-960.00
848,-702.22
849,-408.89
850,-213.33
851,-293.33
852,-497.78
854,-551.11
855,-728.89
856,-835.56
857,-986.67
859,-791.11
860,-595.56
861,-284.44
862,-373.33
863,-453.33
864,-577.78
865,-702.22
866,-960.00
867,-924.44
868,-844.44
869,-533.33
870,-222.22
871,-195.56
873,-231.11
874,-542.22
875,-702.22
876,-995.56
877,-1155.56
878,-942.22
879,-515.56
880,-302.22
881,-311.11
882,-453.33
883,-560.00
885,-604.44
886,-755.56
887,-906.67
888,-755.56
889,-417.78
890,-337.78
891,-320.00
892,-568.89
893,-542.22
894,-693.33
896,-648.89
897,-924.44
898,-782.22
900,-568.89
901,-266.67
902,-346.67
903,-435.56
904,-462.22
905,-693.33
906,-808.89
907,-871.11
908,-826.67
909,-560.00
910,-257.78
911,-257.78
912,-311.11
914,-568.89
915,-755.56
916,-951.11
917,-1013.33
918,-817.78
919,-462.22
920,-168.89
921,-168.89
922,-328.89
923,-488.89
924,-595.56
926,-853.33
927,-977.78
928,-897.78
929,-622.22
930,-373.33
931,-284.44
932,-408.89
933,-506.67
934,-622.22
935,-720.00
936,-968.89
937,-906.67
939,-675.56
941,-364.44
942,-337.78
943,-355.56
944,-488.89
945,-666.67
946,-746.67
947,-986.67
948,-1004.44
949,-684.44
950,-364.44
951,-284.44
953,-346.67
954,-462.22
955,-613.33
956,-800.00
957,-871.11
958,-808.89
959,-577.78
960,-240.00
961,-275.56
962,-408.89
963,-542.22
964,-657.78
965,-808.89
967,-844.44
968,-853.33
969,-560.00
970,-311.11
971,-231.11
972,-426.67
973,-506.67
974,-604.44
975,-728.89
976,-942.22
977,-880.00
978,-684.44
979,-408.89
982,-275.56
983,-355.56
984,-426.67
985,-577.78
986,-720.00
987,-1004.44
988,-924.44
989,-640.00
990,-320.00
991,-168.89
992,-302.22
994,-382.22
995,-640.00
996,-782.22
997,-986.67
998,-951.11
999,-711.11
1000,-391.11
1001,-391.11
1002,-480.00
1003,-515.56
1005,-720.00
1006,-915.56
1007,-1040.00
1008,-764.44
1009,-488.89
1011,-284.44
1012,-311.11
1013,-506.67
1014,-684.44
1015,-755.56
1016,-960.00
1018,-888.89
1019,-631.11
1020,-320.00
1021,-355.56
1022,-426.67
1024,-595.56
1025,-666.67
1027,-853.33
1028,-888.89
1029,-817.78
1030,-462.22
1031,-337.78
1032,-311.11
1034,-391.11
1035,-577.78
1036,-871.11
1037,-995.56
1038,-897.78
1039,-488.89
1041,-222.22
1042,-248.89
1043,-400.00
1044,-622.22
1045,-764.44
1046,-968.89
1048,-968.89
1049,-568.89
1050,-257.78
1051,-222.22
1052,-515.56
1053,-542.22
1055,-800.00
1056,-773.33
1057,-1004.44
1058,-728.89
1059,-462.22
1060,-284.44
1062,-462.22
1063,-426.67
1064,-622.22
1065,-746.67
1067,-942.22
1068,-826.67
1070,-613.33
1071,-266.67
1072,-257.78
1073,-168.89
1074,-524.44
1075,-595.56
1077,-915.56
1078,-817.78
1079,-631.11
1080,-186.67
1081,-124.44
1082,-266.67
1084,-488.89
1085,-648.89
1086,-826.67
1087,-915.56
1088,-764.44
1089,-444.44
1090,-231.11
1092,-364.44
1093,-506.67
1094,-604.44
1095,-666.67
1096,-862.22
1097,-888.89
1099,-693.33
1100,-346.67
1101,-311.11
1102,-417.78
1103,-471.11
1104,-586.67
1106,-880.00
1107,-1004.44
1108,-844.44
1110,-480.00
1111,-240.00
1112,-320.00
1114,-355.56
1115,-666.67
1116,-862.22
1117,-995.56
1118,-826.67
1119,-488.89
1121,-204.44
1122,-275.56
1123,-408.89
1124,-595.56
1125,-728.89
1126,-862.22
1128,-880.00
1129,-595.56
1130,-355.56
1131,-284.44
1132,-435.56
1133,-542.22
1135,-648.89
1136,-640.00
1137,-871.11
1138,-817.78
1139,-568.89
1140,-320.00
1142,-346.67
1143,-417.78
1144,-577.78
1145,-675.56
1146,-960.00
1147,-1022.22
1149,-755.56
1150,-408.89
1152,-266.67
1153,-408.89
1154,-595.56
1155,-746.67
1157,-1013.33
1158,-1075.56
1159,-711.11
1160,-302.22
1161,-231.11
1163,-408.89
1164,-515.56
1165,-666.67
1166,-844.44
1167,-1013.33
1168,-764.44
1170,-462.22
1171,-311.11
1172,-373.33
1173,-426.67
1174,-568.89
1175,-693.33
1177,-986.67
1178,-942.22
1179,-675.56
1180,-284.44
1181,-257.78
1182,-328.89
1184,-453.33
1185,-684.44
1186,-880.00
1187,-924.44
1188,-693.33
1189,-426.67
1191,-168.89
1192,-275.56
1193,-311.11
1195,-631.11
1196,-791.11
1197,-915.56
1198,-728.89
1200,-435.56
1201,-97.78
1202,-231.11
1203,-275.56
1204,-586.67
1205,-622.22
1207,-853.33
1208,-844.44
1209,-684.44
1210,-320.00
1211,-275.56
1212,-471.11
1214,-515.56
1215,-657.78
1216,-773.33
1217,-1057.78
1218,-835.56
1219,-524.44
1221,-240.00
1222,-382.22
1223,-488.89
1224,-577.78
1225,-702.22
1226,-968.89
1228,-942.22
1229,-595.56
1230,-284.44
1231,-248.89
1232,-337.78
1233,-471.11
1235,-666.67
1236,-951.11
1238,-880.00
1239,-648.89
1240,-337.78
1241,-151.11
1242,-320.00
1244,-408.89
1245,-613.33
1246,-746.67
1247,-897.78
1248,-720.00
1249,-444.44
1251,-222.22
1252,-240.00
1253,-444.44
1254,-524.44
1255,-720.00
1256,-800.00
1258,-897.78
1259,-693.33
1260,-417.78
1261,-311.11
1262,-444.44
1263,-506.67
1265,-648.89
1266,-800.00
1267,-1031.11
1268,-906.67
1269,-657.78
1270,-328.89
1272,-400.00
1273,-417.78
1274,-737.78
1275,-871.11
1276,-1102.22
1278,-986.67
1280,-648.89
1281,-328.89
1282,-400.00
1283,-488.89
1284,-693.33
1285,-720.00
1287,-960.00
1288,-1057.78
1289,-711.11
1290,-408.89
1291,-284.44
1293,-444.44
1294,-524.44
1295,-711.11
1296,-773.33
1297,-1022.22
1298,-808.89
1300,-471.11
1301,-275.56
1302,-328.89
1303,-462.22
1304,-542.22
1305,-720.00
1307,-888.89
1308,-835.56
1309,-551.11
1310,-346.67
1311,-231.11
1312,-231.11
1314,-444.44
1315,-586.67
1316,-800.00
1317,-862.22
1318,-684.44
1319,-302.22
1320,-124.44
1323,-311.11
1324,-373.33
1325,-577.78
1326,-755.56
1327,-880.00
1328,-800.00
1330,-524.44
1331,-328.89
1332,-284.44
1333,-471.11
1334,-488.89
1335,-755.56
1337,-915.56
1338,-1040.00
1339,-684.44
1340,-346.67
1341,-275.56
1343,-462.22
1344,-506.67
1345,-711.11
1346,-844.44
1347,-1040.00
1348,-853.33
1350,-568.89
1351,-328.89
1352,-444.44
1353,-328.89
1354,-693.33
1355,-808.89
1357,-1102.22
1358,-915.56
1359,-622.22
1360,-222.22
1361,-302.22
1362,-373.33
1364,-684.44
1366,-711.11
1367,-1048.89
1368,-977.78
1369,-622.22
1370,-231.11
1372,-320.00
1373,-515.56
1374,-533.33
1375,-720.00
1376,-764.44
1377,-906.67
1379,-666.67
1380,-435.56
1381,-222.22
1382,-364.44
1383,-444.44
1384,-560.00
1386,-631.11
1387,-862.22
1388,-871.11
1389,-675.56
1390,-400.00
1391,-328.89
1393,-284.44
1394,-577.78
1395,-702.22
1396,-1031.11
1397,-951.11
1398,-808.89
1400,-275.56
1401,-186.67
1402,-320.00
1403,-560.00
1404,-684.44
1405,-888.89
1408,-1004.44
1409,-808.89
1410,-373.33
1411,-337.78
1412,-382.22
1413,-604.44
1415,-640.00
1416,-826.67
1417,-924.44
1418,-1004.44
1419,-684.44
1421,-364.44
1422,-355.56
1423,-435.56
1424,-497.78
1425,-640.00
1426,-862.22
1428,-1004.44
1429,-764.44
1430,-453.33
1431,-168.89
1432,-302.22
1433,-275.56
1435,-657.78
1436,-862.22
1437,-1031.11
1438,-728.89
1439,-408.89
1440,-80.00
1442,-275.56
1443,-320.00
1444,-595.56
1445,-640.00
1446,-853.33
1447,-720.00
1449,-515.56
1451,-231.11
1452,-266.67
1453,-382.22
1454,-480.00
1455,-586.67
1456,-702.22
1458,-915.56
1459,-817.78
1460,-524.44
1461,-275.56
1462,-337.78
1463,-462.22
1465,-533.33
1466,-764.44
1467,-924.44
1468,-951.11
1469,-648.89
1470,-355.56
1472,-293.33
1473,-284.44
1474,-533.33
1475,-675.56
1476,-1004.44
1477,-1031.11
1479,-800.00
1480,-364.44
1481,-275.56
1482,-435.56
1483,-595.56
1485,-711.11
1486,-933.33
1487,-1075.56
1488,-817.78
1489,-435.56
1490,-373.33
1492,-408.89
1494,-551.11
1495,-631.11
1496,-755.56
1497,-951.11
1498,-897.78
1500,-560.00
1501,-275.56
1502,-257.78
1503,-373.33
1504,-497.78
1505,-675.56
1507,-853.33
1508,-960.00
1509,-737.78
1510,-462.22
1511,-248.89
1512,-417.78
1514,-382.22
1515,-693.33
1516,-826.67
1517,-1031.11
1518,-773.33
1519,-533.33
1521,-222.22
1522,-328.89
1523,-355.56
1524,-595.56
1525,-702.22
1526,-977.78
1528,-897.78
1529,-640.00
1530,-275.56
1531,-275.56
1532,-444.44
1533,-542.22
1536,-755.56
1537,-924.44
1538,-1075.56
1539,-791.11
1540,-391.11
1541,-248.89
1543,-391.11
1544,-533.33
1545,-648.89
1546,-773.33
1547,-880.00
1548,-871.11
1550,-551.11
1551,-320.00
1552,-275.56
1553,-275.56
1554,-471.11
1555,-666.67
1557,-897.78
1558,-862.22
1559,-595.56
1560,-240.00
1561,-106.67
1562,-231.11
1563,-337.78
1565,-586.67
1566,-791.11
1567,-951.11
1568,-666.67
1569,-382.22
1570,-168.89
1572,-293.33
1573,-435.56
1574,-604.44
1575,-791.11
1576,-915.56
1577,-862.22
1580,-631.11
1581,-311.11
1582,-337.78
1583,-462.22
1584,-595.56
1585,-622.22
1587,-835.56
1588,-933.33
1589,-862.22
1590,-533.33
1591,-275.56
1592,-355.56
1594,-275.56
1595,-648.89
1596,-817.78
1597,-1093.33
1598,-942.22
1599,-595.56
1601,-142.22
1602,-302.22
1603,-346.67
1604,-693.33
1605,-728.89
1606,-977.78
1608,-888.89
1609,-586.67
1610,-266.67
1611,-240.00
1612,-471.11
1613,-533.33
1615,-684.44
1616,-746.67
1617,-951.11
1618,-728.89
1619,-462.22
1620,-275.56
1623,-373.33
1624,-533.33
1625,-613.33
1626,-684.44
1627,-924.44
1628,-960.00
1629,-746.67
1631,-462.22
1632,-373.33
1633,-391.11
1634,-515.56
1635,-737.78
1636,-1031.11
1638,-1057.78
1639,-746.67
1640,-328.89
1641,-222.22
1642,-355.56
1644,-524.44
1645,-728.89
1646,-880.00
1647,-1031.11
1648,-755.56
1649,-462.22
1651,-248.89
1652,-408.89
1653,-497.78
1654,-675.56
1655,-773.33
1656,-951.11
1658,-906.67
1659,-684.44
1660,-293.33
1661,-328.89
1662,-364.44
1664,-471.11
1666,-560.00
1667,-826.67
1668,-871.11
1669,-808.89
1670,-391.11
1671,-231.11
1673,-275.56
1674,-231.11
1675,-568.89
1676,-764.44
1677,-986.67
1678,-782.22
1680,-444.44
1681,-80.00
1682,-195.56
1683,-266.67
1684,-560.00
1685,-666.67
1686,-897.78
1688,-835.56
1689,-613.33
1690,-311.11
1691,-240.00
1692,-417.78
1693,-488.89
1695,-684.44
1696,-808.89
1697,-1048.89
1698,-826.67
1699,-551.11
1700,-293.33
1702,-408.89
1703,-506.67
1704,-604.44
1705,-737.78
1707,-942.22
1708,-933.33
1710,-684.44
1711,-346.67
1712,-266.67
1713,-328.89
1714,-417.78
1715,-675.56
1717,-924.44
1718,-977.78
1719,-684.44
1720,-320.00
1721,-35.56
1722,-248.89
1723,-293.33
1725,-613.33
1726,-720.00
1727,-853.33
1728,-666.67
1729,-373.33
1730,-204.44
1732,-204.44
1733,-444.44
1734,-497.78
1735,-657.78
1736,-782.22
1737,-915.56
1739,-675.56
1740,-408.89
1741,-284.44
1742,-417.78
1743,-542.22
1744,-622.22
1746,-773.33
1747,-968.89
1748,-880.00
1750,-631.11
1751,-328.89
1752,-328.89
1754,-266.67
1755,-657.78
1756,-782.22
1757,-1120.00
1758,-1022.22
1759,-755.56
1761,-275.56
1762,-364.44
1763,-364.44
1764,-728.89
1765,-728.89
1766,-1004.44
1768,-951.11
1769,-773.33
1770,-364.44
1771,-302.22
1772,-453.33
1774,-622.22
1775,-737.78
1776,-791.11
1777,-968.89
1778,-880.00
1779,-506.67
1780,-240.00
1782,-346.67
1783,-382.22
1784,-515.56
1785,-675.56
1786,-835.56
1787,-888.89
1789,-702.22
1790,-382.22
1792,-213.33
1793,-346.67
1794,-355.56
1795,-622.22
1797,-871.11
1798,-986.67
1799,-817.78
1800,-488.89
1801,-168.89
1802,-320.00
1804,-426.67
1805,-720.00
1806,-791.11
1807,-942.22
1808,-862.22
1809,-586.67
1811,-311.11
1812,-320.00
1813,-577.78
1814,-595.56
1815,-791.11
1816,-826.67
1818,-1040.00
1819,-773.33
1820,-488.89
1821,-302.22
1822,-444.44
1823,-515.56
1825,-613.33
1826,-791.11
1827,-968.89
1828,-888.89
1829,-551.11
1830,-266.67
1832,-293.33
1833,-213.33
1835,-560.00
1836,-666.67
1837,-942.22
1838,-826.67
1840,-595.56
1841,-177.78
1842,-177.78
1843,-222.22
1844,-408.89
1845,-533.33
1846,-773.33
1848,-808.89
1849,-648.89
1850,-266.67
1851,-186.67
1852,-266.67
1853,-391.11
1855,-542.22
1856,-737.78
1857,-880.00
1858,-826.67
1859,-568.89
1860,-266.67
1862,-293.33
1863,-506.67
1864,-595.56
1865,-728.89
1866,-880.00
1867,-960.00
1869,-737.78
1870,-471.11
1871,-257.78
1872,-391.11
1873,-320.00
1874,-666.67
1876,-808.89
1878,-1031.11
1879,-906.67
1880,-595.56
1881,-186.67
1882,-311.11
1884,-355.56
1885,-675.56
1886,-764.44
1887,-1022.22
1888,-924.44
1889,-595.56
1891,-231.11
1892,-222.22
1893,-480.00
1894,-613.33
1895,-764.44
1896,-817.78
1898,-986.67
1899,-657.78
1900,-320.00
1901,-248.89
1902,-453.33
1903,-551.11
1905,-657.78
1906,-737.78
1907,-933.33
1908,-906.67
1909,-657.78
1910,-417.78
1912,-355.56
1913,-382.22
1914,-542.22
1915,-684.44
1916,-1066.67
1917,-968.89
1920,-702.22
1921,-328.89
1922,-257.78
1923,-293.33
1924,-542.22
1925,-737.78
1927,-977.78
1928,-986.67
1929,-782.22
1930,-391.11
1931,-275.56
1932,-382.22
1934,-542.22
1935,-693.33
1936,-817.78
1937,-933.33
1938,-906.67
1939,-568.89
1941,-266.67
1942,-284.44
1943,-408.89
1944,-551.11
1945,-604.44
1946,-791.11
1948,-862.22
1949,-764.44
1950,-444.44
1951,-320.00
1952,-328.89
1953,-302.22
1954,-577.78
1956,-728.89
1957,-960.00
1958,-835.56
1959,-542.22
1960,-160.00
1961,-231.11
1964,-248.89
1965,-595.56
1966,-737.78
1967,-951.11
1968,-906.67
1969,-640.00
1971,-257.78
1972,-266.67
1973,-480.00
1974,-622.22
1975,-791.11
1976,-853.33
1978,-968.89
1979,-826.67
1980,-568.89
1981,-320.00
1982,-444.44
1983,-515.56
1985,-586.67
1986,-631.11
1987,-924.44
1988,-906.67
1989,-684.44
1990,-364.44
1992,-213.33
1993,-240.00
1994,-337.78
1995,-622.22
1996,-880.00
1997,-880.00
1999,-684.44
2000,-284.44
2001,0.00
2002,-284.44
2003,-337.78
2004,-666.67
2006,-764.44
2007,-933.33
2009,-835.56
2010,-542.22
2011,-266.67
2012,-311.11
2013,-462.22
2014,-560.00
2016,-755.56
2017,-897.78
2018,-977.78
2019,-773.33
2020,-488.89
2021,-320.00
2022,-435.56
2024,-515.56
2025,-640.00
2026,-728.89
2027,-986.67
2028,-862.22
2029,-622.22
2031,-293.33
2032,-195.56
2033,-257.78
2034,-506.67
2035,-684.44
2036,-933.33
2038,-915.56
2039,-675.56
2040,-186.67
2041,-88.89
2042,-231.11
2043,-417.78
2044,-577.78
2046,-782.22
2048,-871.11
2049,-702.22
2050,-355.56
2051,-222.22
2052,-266.67
2054,-444.44
2055,-542.22
2056,-720.00
2057,-906.67
2058,-951.11
2059,-631.11
2061,-373.33
2062,-328.89
2063,-417.78
2064,-577.78
2065,-720.00
2066,-853.33
2068,-960.00
2069,-808.89
2070,-497.78
2071,-320.00
2072,-346.67
2073,-293.33
2075,-613.33
2076,-746.67
2077,-1004.44
2078,-880.00
2079,-675.56
2080,-177.78
2082,-248.89
2083,-240.00
2084,-631.11
2085,-675.56
2086,-960.00
2087,-844.44
2089,-631.11
2091,-213.33
2092,-204.44
2093,-337.78
2094,-524.44
2095,-648.89
2097,-737.78
2098,-897.78
2099,-755.56
2100,-435.56
2101,-240.00
2102,-391.11
2104,-480.00
2105,-586.67
2106,-720.00
2107,-924.44
2108,-960.00
2109,-791.11
2110,-382.22
2112,-346.67
2113,-488.89
2114,-533.33
2115,-728.89
2116,-977.78
2117,-1102.22
2119,-871.11
2120,-577.78
2121,-382.22
2122,-444.44
2123,-488.89
2125,-755.56
2126,-942.22
2127,-1075.56
2128,-933.33
2129,-551.11
2130,-311.11
2132,-320.00
2134,-560.00
2135,-622.22
2136,-826.67
2137,-862.22
2138,-924.44
2140,-604.44
2141,-355.56
2142,-248.89
2143,-417.78
2144,-497.78
2145,-577.78
2147,-675.56
2148,-915.56
2149,-782.22
2150,-542.22
2151,-266.67
2152,-266.67
2153,-204.44
2155,-577.78
2156,-684.44
2157,-1013.33
2158,-808.89
2159,-595.56
2161,-124.44
2162,-257.78
2163,-275.56
2164,-586.67
2165,-604.44
2166,-906.67
2168,-853.33
2169,-657.78
2170,-302.22
2171,-293.33
2172,-337.78
2173,-488.89
2174,-657.78
2177,-880.00
2178,-1040.00
2179,-853.33
2180,-480.00
2181,-328.89
2183,-400.00
2184,-577.78
2185,-640.00
2186,-773.33
2187,-951.11
2188,-968.89
2190,-711.11
2191,-408.89
2192,-284.44
2193,-391.11
2194,-364.44
2195,-648.89
2196,-853.33
2198,-977.78
2199,-720.00
2200,-408.89
2201,-71.11
2202,-177.78
2203,-248.89
2205,-586.67
2206,-693.33
2207,-888.89
2208,-720.00
2209,-400.00
2210,-133.33
2212,-204.44
2213,-382.22
2214,-471.11
2215,-693.33
2216,-773.33
2217,-897.78
2219,-622.22
2221,-328.89
2222,-240.00
2223,-444.44
2224,-533.33
2225,-648.89
2226,-755.56
2228,-942.22
2229,-844.44
2230,-622.22
2231,-355.56
2232,-364.44
2233,-444.44
2235,-586.67
2236,-737.78
2237,-995.56
2238,-1022.22
2239,-746.67
2240,-417.78
2242,-275.56
2243,-302.22
2244,-595.56
2245,-755.56
2246,-1004.44
2248,-1031.11
2249,-764.44
2250,-364.44
2251,-275.56
2252,-444.44
2253,-648.89
2255,-737.78
2256,-844.44
2257,-968.89
2258,-791.11
2259,-488.89
2260,-311.11
2263,-328.89
2264,-488.89
2265,-542.22
2266,-586.67
2267,-800.00
2268,-924.44
2270,-711.11
2271,-364.44
2272,-328.89
2273,-311.11
2274,-453.33
2275,-586.67
2277,-871.11
2278,-960.00
2279,-880.00
2280,-480.00
2281,-266.67
2282,-346.67
2283,-400.00
2285,-666.67
2286,-853.33
2287,-1004.44
2288,-915.56
2289,-533.33
2291,-293.33
2292,-275.56
2293,-480.00
2294,-613.33
2295,-782.22
2296,-862.22
2298,-1048.89
2299,-675.56
2300,-417.78
2301,-373.33
2302,-524.44
2304,-560.00
2306,-693.33
2307,-755.56
2308,-924.44
2309,-853.33
2310,-604.44
2311,-400.00
2313,-293.33
2314,-284.44
2315,-488.89
2316,-622.22
2317,-968.89
2318,-871.11
2320,-631.11
2321,-195.56
2322,-88.89
2323,-168.89
2324,-453.33
2325,-577.78
2326,-808.89
2328,-871.11
2329,-684.44
2330,-257.78
2331,-248.89
2332,-302.22
2333,-426.67
2335,-515.56
2336,-728.89
2337,-844.44
2338,-853.33
2339,-533.33
2340,-302.22
2342,-320.00
2343,-453.33
2344,-524.44
2345,-711.11
2347,-897.78
2348,-942.22
2349,-728.89
2351,-444.44
2352,-257.78
2353,-373.33
2354,-346.67
2355,-684.44
2356,-773.33
2358,-1004.44
2359,-835.56
2360,-506.67
2361,-142.22
2362,-284.44
2364,-257.78
2365,-675.56
2366,-720.00
2367,-960.00
2368,-835.56
2369,-631.11
2370,-213.33
2372,-240.00
2373,-373.33
2374,-533.33
2375,-631.11
2376,-782.22
2377,-951.11
2379,-720.00
2380,-373.33
2381,-177.78
2382,-293.33
2383,-542.22
2384,-622.22
2386,-737.78
2387,-924.44
2388,-942.22
2390,-568.89
2391,-346.67
2392,-302.22
2394,-506.67
2395,-524.44
2396,-800.00
2397,-968.89
2398,-1066.67
2399,-764.44
2401,-453.33
2402,-311.11
2403,-408.89
2404,-497.78
2405,-728.89
2406,-942.22
2408,-1120.00
2409,-826.67
2410,-488.89
2411,-302.22
2412,-382.22
2413,-488.89
2415,-711.11
2416,-862.22
2417,-995.56
2418,-915.56
2419,-551.11
2420,-293.33
2422,-311.11
2423,-462.22
2424,-568.89
2425,-666.67
2426,-773.33
2427,-871.11
2429,-791.11
2430,-426.67
2432,-346.67
2433,-311.11
2434,-435.56
2435,-497.78
2437,-702.22
2438,-897.78
2439,-871.11
2440,-595.56
2441,-302.22
2442,-293.33
2444,-293.33
2445,-551.11
2446,-693.33
2447,-906.67
2448,-951.11
2449,-640.00
2451,-284.44
2452,-222.22
2453,-400.00
2454,-524.44
2455,-711.11
2456,-871.11
2457,-1031.11
2459,-791.11
2460,-444.44
2461,-257.78
2462,-444.44
2463,-560.00
2465,-640.00
2466,-720.00
2467,-942.22
2468,-844.44
2469,-684.44
2470,-400.00
2472,-346.67
2473,-346.67
2475,-417.78
2476,-604.44
2477,-817.78
2478,-906.67
2479,-728.89
2481,-391.11
2482,-115.56
2483,-168.89
2484,-257.78
2485,-577.78
2486,-791.11
2488,-888.89
2489,-746.67
2490,-417.78
2491,-106.67
2492,-204.44
2493,-382.22
2495,-551.11
2496,-657.78
2497,-862.22
2498,-835.56
2499,-551.11
2500,-257.78
2502,-240.00
2503,-480.00
2504,-551.11
2505,-631.11
2506,-755.56
2507,-977.78
2509,-826.67
2510,-506.67
2511,-391.11
2512,-355.56
2513,-444.44
2514,-568.89
2516,-826.67
2518,-1057.78
2519,-1031.11
2520,-675.56
2521,-311.11
2522,-311.11
2524,-355.56
2525,-657.78
2526,-853.33
2527,-1057.78
2528,-1031.11
2530,-640.00
2531,-293.33
2532,-284.44
2533,-488.89
2534,-648.89
2535,-817.78
2537,-924.44
2538,-1022.22
2539,-711.11
2540,-408.89
2541,-293.33
2542,-471.11
2544,-506.67
2545,-693.33
2546,-675.56
2547,-924.44
2548,-826.67
2549,-702.22
2551,-293.33
2552,-328.89
2553,-302.22
2554,-542.22
2555,-622.22
2556,-862.22
2558,-880.00
2560,-675.56
2561,-373.33
2562,-186.67
2563,-275.56
2564,-417.78
2566,-622.22
2567,-853.33
2568,-942.22
2569,-800.00
2570,-364.44
2571,-213.33
2573,-328.89
2574,-435.56
2575,-604.44
2576,-782.22
2577,-933.33
2578,-880.00
2580,-622.22
2581,-355.56
2582,-311.11
2583,-542.22
2584,-586.67
2585,-711.11
2586,-808.89
2588,-1022.22
2589,-782.22
2590,-506.67
2591,-400.00
2592,-373.33
2594,-488.89
2595,-622.22
2596,-835.56
2597,-915.56
2598,-844.44
2599,-524.44
2601,-231.11
2603,-222.22
2604,-231.11
2605,-497.78
2606,-604.44
2607,-791.11
2608,-773.33
2610,-542.22
2611,-204.44
2612,-124.44
2613,-293.33
2614,-435.56
2615,-560.00
2617,-728.89
2618,-906.67
2619,-720.00
2620,-400.00
2621,-186.67
2622,-337.78
2624,-444.44
2625,-551.11
2626,-648.89
2627,-897.78
2628,-888.89
2629,-648.89
2631,-275.56
2632,-346.67
2633,-364.44
2634,-533.33
2635,-675.56
2636,-1004.44
2638,-977.78
2639,-871.11
2640,-506.67
2641,-320.00
2642,-302.22
2643,-435.56
2646,-666.67
2647,-942.22
2648,-1040.00
2649,-933.33
2650,-497.78
2651,-337.78
2653,-328.89
2654,-533.33
2655,-684.44
2656,-871.11
2657,-968.89
2658,-1004.44
2660,-631.11
2661,-382.22
2662,-284.44
2663,-515.56
2664,-551.11
2666,-737.78
2667,-791.11
2668,-977.78
2669,-737.78
2670,-462.22
2671,-248.89
2672,-320.00
2674,-400.00
2675,-622.22
2676,-711.11
2677,-951.11
2678,-862.22
2679,-604.44
2681,-231.11
2682,-311.11
2683,-311.11
2684,-568.89
2685,-666.67
2686,-897.78
2689,-924.44
2690,-666.67
2691,-266.67
2692,-222.22
2693,-391.11
2694,-480.00
2696,-666.67
2697,-888.89
2698,-1004.44
2699,-737.78
2700,-373.33
2701,-257.78
2703,-426.67
2704,-595.56
2705,-657.78
2706,-764.44
2707,-968.89
2708,-844.44
2710,-640.00
2711,-373.33
2712,-382.22
2713,-391.11
2714,-560.00
2715,-648.89
2717,-862.22
2718,-897.78
2719,-791.11
2720,-453.33
2721,-231.11
2722,-257.78
2724,-355.56
2725,-560.00
2726,-817.78
2727,-880.00
2728,-800.00
2729,-417.78
2732,-195.56
2733,-177.78
2734,-337.78
2735,-533.33
2736,-640.00
2737,-853.33
2738,-880.00
2740,-595.56
2741,-275.56
2742,-231.11
2743,-444.44
2744,-533.33
2745,-666.67
2747,-746.67
2748,-968.89
2749,-782.22
2750,-471.11
2751,-266.67
2752,-408.89
2754,-417.78
2755,-568.89
2756,-693.33
2757,-897.78
2758,-835.56
2759,-657.78
2761,-373.33
2762,-195.56
2763,-248.89
2764,-400.00
2765,-577.78
2766,-862.22
2768,-933.33
2769,-702.22
2770,-311.11
2771,-97.78
2772,-204.44
2774,-355.56
2775,-595.56
2777,-737.78
2778,-871.11
2779,-817.78
2780,-524.44
2781,-186.67
2782,-293.33
2784,-462.22
2785,-595.56
2786,-657.78
2787,-826.67
2788,-924.44
2789,-817.78
2791,-453.33
2792,-328.89
2793,-408.89
2794,-506.67
2795,-613.33
2796,-871.11
2798,-1013.33
2799,-960.00
2800,-560.00
2801,-355.56
2802,-320.00
2803,-328.89
2805,-604.44
2806,-826.67
2807,-1057.78
2808,-960.00
2809,-622.22
2810,-293.33
2812,-257.78
2813,-417.78
2814,-613.33
2816,-746.67
2817,-960.00
2818,-1013.33
2820,-657.78
2821,-364.44
2822,-284.44
2823,-426.67
2824,-515.56
2826,-684.44
2827,-666.67
2828,-897.78
2829,-755.56
2830,-524.44
2831,-293.33
2832,-284.44
2834,-373.33
2835,-551.11
2836,-675.56
2837,-888.89
2838,-906.67
2839,-702.22
2841,-382.22
2842,-293.33
2843,-328.89
2844,-560.00
2845,-720.00
2846,-977.78
2848,-1013.33
2849,-755.56
2850,-311.11
2851,-186.67
2852,-328.89
2853,-497.78
2855,-657.78
2856,-808.89
2857,-977.78
2859,-888.89
2860,-524.44
2861,-328.89
2863,-346.67
2864,-551.11
2865,-657.78
2866,-764.44
2867,-871.11
2868,-1031.11
2870,-773.33
2871,-346.67
2872,-337.78
2873,-426.67
2874,-497.78
2875,-622.22
2877,-906.67
2878,-933.33
2879,-773.33
2880,-453.33
2881,-186.67
2882,-275.56
2884,-222.22
2885,-604.44
2886,-693.33
2887,-906.67
2888,-746.67
2889,-506.67
2891,-106.67
2892,-160.00
2893,-222.22
2894,-497.78
2895,-577.78
2896,-782.22
2898,-826.67
2899,-684.44
2900,-346.67
2902,-222.22
2903,-355.56
2904,-471.11
2906,-595.56
2907,-711.11
2908,-968.89
2909,-880.00
2910,-595.56
2911,-257.78
2912,-311.11
2914,-426.67
2915,-560.00
2916,-693.33
2917,-960.00
2918,-942.22
2919,-746.67
2921,-364.44
2922,-204.44
2923,-426.67
2924,-364.44
2925,-657.78
2926,-844.44
2928,-995.56
2929,-800.00
2930,-506.67
2931,-195.56
2932,-320.00
2933,-364.44
2935,-613.33
2936,-755.56
2937,-942.22
2938,-817.78
2939,-613.33
2940,-293.33
2942,-213.33
2944,-462.22
2945,-488.89
2946,-657.78
2947,-728.89
2948,-924.44
2950,-728.89
2951,-471.11
2952,-266.67
2953,-346.67
2954,-488.89
2955,-595.56
2956,-728.89
2958,-960.00
2959,-906.67
2960,-702.22
2961,-364.44
2962,-320.00
2963,-284.44
2965,-568.89
2966,-702.22
2967,-1031.11
2968,-995.56
2969,-737.78
2971,-355.56
2972,-257.78
2973,-373.33
2974,-604.44
2975,-675.56
2976,-933.33
2977,-1031.11
2979,-817.78
2980,-400.00
2981,-346.67
2982,-355.56
2983,-533.33
2985,-648.89
2987,-800.00
2988,-942.22
2989,-862.22
2990,-586.67
2991,-302.22
2993,-311.11
2994,-471.11
2995,-551.11
2996,-702.22
2997,-897.78
2998,-951.11
2999,-773.33
3001,-506.67
3002,-355.56
3003,-346.67
3004,-408.89
3005,-640.00
3006,-817.78
3008,-1013.33
3009,-817.78
3010,-435.56
3011,-142.22
3012,-266.67
3014,-355.56
3015,-560.00
3016,-755.56
3017,-871.11
3018,-888.89
3019,-577.78
3020,-302.22
3022,-204.44
3023,-515.56
3024,-471.11
3025,-746.67
3026,-755.56
3027,-1022.22
3030,-702.22
3031,-435.56
3032,-231.11
3033,-400.00
3034,-435.56
3036,-613.33
3037,-728.89
3038,-968.89
3039,-844.44
3040,-577.78
3041,-248.89
3042,-275.56
3044,-231.11
3045,-515.56
3046,-622.22
3047,-924.44
3048,-808.89
3049,-604.44
3051,-248.89
3052,-124.44
3053,-266.67
3054,-408.89
3055,-613.33
3056,-826.67
3058,-915.56
3059,-720.00
3060,-391.11
3061,-231.11
3062,-266.67
3063,-497.78
3065,-586.67
3066,-702.22
3067,-897.78
3068,-906.67
3069,-675.56
3070,-320.00
3073,-337.78
3074,-426.67
3075,-568.89
3076,-622.22
3077,-835.56
3078,-1013.33
3080,-853.33
3081,-542.22
3082,-302.22
3083,-417.78
3084,-373.33
3085,-693.33
3087,-888.89
3088,-1120.00
3089,-915.56
3090,-551.11
3091,-257.78
3092,-337.78
3094,-400.00
3095,-720.00
3096,-764.44
3097,-995.56
3098,-960.00
3099,-657.78
3101,-337.78
3102,-302.22
3103,-453.33
3104,-524.44
3105,-728.89
3106,-817.78
3108,-933.33
3109,-693.33
3110,-453.33
3111,-231.11
3112,-364.44
3113,-488.89
3116,-595.56
3117,-666.67
3118,-897.78
3119,-853.33
3120,-675.56
3121,-480.00
3123,-373.33
3124,-373.33
3125,-533.33
3126,-702.22
3127,-951.11
3128,-1075.56
3130,-782.22
3131,-382.22
3132,-142.22
3133,-328.89
3134,-462.22
3135,-666.67
3137,-880.00
3138,-1013.33
3139,-800.00
3140,-400.00
3141,-328.89
3142,-355.56
3144,-551.11
3145,-622.22
3146,-782.22
3147,-960.00
3148,-995.56
3149,-613.33
3151,-337.78
3152,-320.00
3153,-382.22
3154,-462.22
3155,-657.78
3156,-791.11
3159,-986.67
3160,-720.00
3161,-444.44
3162,-142.22
3163,-266.67
3164,-195.56
3166,-622.22
3167,-746.67
3168,-968.89
3169,-728.89
3170,-480.00
3171,-71.11
3172,-186.67
3174,-240.00
3175,-577.78
3176,-551.11
3177,-853.33
3178,-764.44
3179,-622.22
3181,-213.33
3182,-275.56
3183,-408.89
3184,-497.78
3185,-631.11
3186,-737.78
3188,-933.33
3189,-862.22
3190,-542.22
3191,-266.67
3192,-364.44
3193,-444.44
3194,-551.11
3196,-728.89
3197,-871.11
3198,-960.00
3200,-702.22
3201,-346.67
3202,-151.11
3204,-337.78
3205,-400.00
3206,-640.00
3207,-933.33
3208,-995.56
3209,-711.11
3211,-364.44
3212,-142.22
3213,-320.00
3214,-400.00
3215,-640.00
3216,-737.78
3218,-924.44
3219,-746.67
3220,-497.78
3221,-257.78
3222,-266.67
3223,-408.89
3225,-453.33
3226,-693.33
3227,-808.89
3228,-924.44
3229,-720.00
3230,-453.33
3232,-257.78
3233,-373.33
3234,-533.33
3235,-648.89
3236,-808.89
3237,-968.89
3238,-915.56
3240,-586.67
3241,-346.67
3243,-337.78
3244,-337.78
3245,-604.44
3246,-720.00
3248,-995.56
3249,-977.78
3250,-737.78
3251,-328.89
3252,-240.00
3253,-391.11
3255,-497.78
3256,-666.67
3257,-871.11
3258,-1057.78
3259,-782.22
3260,-382.22
3262,-320.00
3263,-364.44
3264,-488.89
3265,-640.00
3266,-764.44
3267,-951.11
3269,-844.44
3270,-595.56
3271,-240.00
3272,-266.67
3273,-417.78
3274,-648.89
3276,-693.33
3277,-906.67
3278,-968.89
3279,-808.89
3280,-488.89
3281,-391.11
3283,-506.67
3284,-453.33
3286,-720.00
3287,-817.78
3288,-1084.44
3289,-897.78
3291,-648.89
3292,-293.33
3293,-373.33
3294,-346.67
3295,-631.11
3296,-782.22
3298,-1048.89
3299,-880.00
3300,-640.00
3301,-266.67
3302,-266.67
3303,-417.78
3305,-577.78
3306,-746.67
3307,-897.78
3308,-1004.44
3309,-764.44
3311,-382.22
3312,-284.44
3313,-391.11
3314,-506.67
3315,-586.67
3316,-746.67
3318,-862.22
3319,-835.56
3320,-471.11
3321,-284.44
3322,-266.67
3323,-213.33
3324,-462.22
3326,-604.44
3328,-906.67
3329,-835.56
3330,-542.22
3331,-142.22
3332,-133.33
3334,-213.33
3335,-408.89
3336,-577.78
3337,-826.67
3338,-871.11
3339,-666.67
3341,-275.56
3342,-160.00
3343,-320.00
3344,-462.22
3345,-604.44
3346,-728.89
3348,-915.56
3349,-826.67
3350,-622.22
3351,-293.33
3352,-355.56
3353,-515.56
3355,-631.11
3356,-657.78
3357,-880.00
3358,-924.44
3359,-853.33
3360,-480.00
3362,-248.89
3363,-346.67
3364,-293.33
3365,-622.22
3366,-888.89
3367,-1031.11
3369,-880.00
3371,-524.44
3372,-133.33
3373,-266.67
3374,-355.56
3375,-711.11
3377,-746.67
3378,-977.78
3379,-862.22
3380,-551.11
3381,-248.89
3382,-231.11
3384,-417.78
3385,-471.11
3386,-648.89
3387,-782.22
3388,-951.11
3389,-675.56
3390,-400.00
3392,-248.89
3393,-337.78
3394,-497.78
3395,-604.44
3396,-737.78
3397,-968.89
3399,-906.67
3400,-657.78
3401,-453.33
3402,-328.89
3403,-408.89
3404,-551.11
3406,-791.11
3407,-995.56
3408,-1111.11
3409,-808.89
3410,-462.22
3411,-222.22
3414,-435.56
3415,-533.33
3416,-782.22
3417,-906.67
3418,-1128.89
3420,-808.89
3421,-480.00
3422,-257.78
3423,-426.67
3424,-533.33
3425,-657.78
3427,-746.67
3428,-924.44
3429,-871.11
3430,-640.00
3431,-275.56
3432,-328.89
3434,-373.33
3435,-488.89
3436,-568.89
3437,-808.89
3438,-888.89
3439,-782.22
3440,-373.33
3442,-311.11
3443,-284.44
3444,-337.78
3445,-595.56
3446,-755.56
3447,-915.56
3449,-817.78
3450,-524.44
3451,-186.67
3452,-248.89
3453,-293.33
3454,-551.11
3457,-684.44
3458,-880.00
3459,-853.33
3460,-622.22
3461,-311.11
3462,-248.89
3464,-417.78
3465,-533.33
3466,-728.89
3467,-782.22
3468,-1004.44
3469,-808.89
3471,-560.00
3472,-284.44
3473,-417.78
3474,-488.89
3475,-613.33
3476,-764.44
3478,-960.00
3479,-906.67
3480,-693.33
3481,-311.11
3482,-231.11
3483,-240.00
3485,-506.67
3486,-613.33
3487,-986.67
3488,-942.22
3489,-666.67
3490,-204.44
3492,-124.44
3493,-204.44
3494,-408.89
3495,-524.44
3496,-791.11
3497,-853.33
3499,-764.44
3501,-320.00
3502,-257.78
3503,-204.44
3504,-435.56
3505,-444.44
3506,-684.44
3508,-817.78
3509,-906.67
3510,-586.67
3511,-302.22
3512,-231.11
3513,-408.89
3515,-577.78
3516,-711.11
3517,-817.78
3518,-1013.33
3519,-808.89
3521,-568.89
3522,-346.67
3523,-471.11
3524,-311.11
3525,-702.22
3526,-853.33
3527,-1137.78
3529,-977.78
3530,-737.78
3531,-302.22
3532,-364.44
3533,-400.00
3535,-737.78
3536,-817.78
3537,-1048.89
3538,-986.67
3539,-720.00
3540,-400.00
3543,-346.67
3544,-480.00
3545,-604.44
3546,-782.22
3547,-844.44
3548,-1040.00
3550,-835.56
3551,-497.78
3552,-222.22
3553,-364.44
3554,-453.33
3555,-604.44
3557,-720.00
3558,-960.00
3559,-844.44
3560,-568.89
3561,-257.78
3562,-248.89
3564,-293.33
3565,-480.00
3566,-542.22
3567,-817.78
3568,-844.44
3569,-684.44
3571,-337.78
3572,-186.67
3573,-302.22
3574,-373.33
3575,-604.44
3576,-782.22
3578,-942.22
3579,-773.33
3580,-417.78
3581,-284.44
3582,-293.33
3584,-515.56
3586,-586.67
3587,-800.00
3588,-880.00
3589,-960.00
3590,-684.44
3591,-408.89
3592,-328.89
3594,-471.11
3595,-542.22
3596,-613.33
3597,-808.89
3598,-968.89
3599,-826.67
3601,-497.78
3602,-284.44
3603,-248.89
3604,-355.56
3605,-577.78
3606,-711.11
3608,-897.78
3609,-835.56
3610,-524.44
3611,-222.22
3612,-186.67
3613,-266.67
3615,-391.11
3616,-604.44
3617,-782.22
3618,-853.33
3619,-560.00
3620,-293.33
3622,-88.89
3623,-293.33
3624,-391.11
3625,-613.33
3627,-746.67
3628,-960.00
3629,-853.33
3631,-595.56
3632,-266.67
3633,-346.67
3634,-488.89
3635,-631.11
3636,-702.22
3638,-888.89
3639,-933.33
3640,-782.22
3641,-488.89
3642,-257.78
3643,-346.67
3645,-257.78
3646,-622.22
3647,-817.78
3648,-1031.11
3649,-880.00
3650,-515.56
3652,-80.00
3653,-222.22
3654,-257.78
3655,-675.56
3656,-737.78
3657,-995.56
3658,-826.67
3660,-506.67
3661,-124.44
3662,-222.22
3663,-400.00
3664,-497.78
3665,-622.22
3667,-755.56
3668,-888.89
3670,-657.78
3671,-391.11
3672,-266.67
3673,-408.89
3675,-488.89
3676,-648.89
3677,-746.67
3678,-968.89
3679,-968.89
3680,-702.22
3682,-435.56
3683,-311.11
3684,-408.89
3685,-533.33
3686,-773.33
3687,-1075.56
3689,-1040.00
3690,-720.00
3691,-355.56
3692,-204.44
3693,-373.33
3695,-604.44
3696,-755.56
3697,-1022.22
3698,-1022.22
3699,-684.44
3700,-311.11
3702,-311.11
3703,-444.44
3704,-542.22
3705,-693.33
3706,-782.22
3707,-960.00
3709,-844.44
3710,-586.67
3712,-275.56
3713,-302.22
3714,-382.22
3715,-533.33
3717,-613.33
3718,-844.44
3719,-915.56
3720,-737.78
3721,-408.89
3722,-168.89
3724,-293.33
3725,-275.56
3726,-666.67
3727,-800.00
3728,-942.22
3729,-746.67
3731,-382.22
3732,-53.33
3733,-311.11
3734,-311.11
3735,-640.00
3736,-702.22
3737,-915.56
3739,-853.33
3740,-640.00
3741,-275.56
3742,-346.67
3743,-462.22
3744,-560.00
3746,-728.89
3747,-853.33
3748,-1022.22
3749,-835.56
3750,-506.67
3751,-275.56
3753,-382.22
3755,-551.11
3756,-657.78
3757,-764.44
3758,-977.78
3759,-933.33
3761,-560.00
3762,-311.11
3763,-231.11
3764,-328.89
3765,-417.78
3766,-684.44
3768,-835.56
3769,-888.89
3770,-622.22
3771,-293.33
3772,-17.78
3773,-266.67
3774,-266.67
3776,-560.00
3777,-693.33
3778,-915.56
3779,-693.33
3780,-417.78
3781,-168.89
3783,-275.56
3784,-355.56
3785,-515.56
3786,-666.67
3787,-906.67
3788,-888.89
3790,-666.67
3791,-346.67
3792,-302.22
3793,-391.11
3794,-551.11
3795,-684.44
3798,-844.44
3799,-995.56
3800,-871.11
3801,-506.67
3802,-346.67
3803,-364.44
3804,-373.33
3806,-604.44
3807,-791.11
3808,-1057.78
3809,-933.33
3810,-728.89
3812,-257.78
3813,-293.33
3814,-302.22
3815,-586.67
3816,-684.44
3817,-968.89
3819,-942.22
3820,-666.67
3821,-284.44
3822,-195.56
3823,-320.00
3824,-453.33
3825,-622.22
3827,-800.00
3828,-942.22
3829,-782.22
3830,-382.22
3831,-97.78
3832,-284.44
3834,-462.22
3835,-577.78
3836,-728.89
3837,-897.78
3838,-880.00
3840,-702.22
3842,-417.78
3843,-284.44
3844,-488.89
3845,-453.33
3846,-711.11
3847,-897.78
3848,-1084.44
3850,-844.44
3851,-595.56
3852,-248.89
3853,-400.00
3854,-408.89
3856,-791.11
3857,-915.56
3858,-1120.00
3859,-960.00
3860,-622.22
3861,-328.89
3863,-337.78
3864,-515.56
3865,-675.56
3866,-826.67
3867,-951.11
3868,-986.67
3870,-728.89
3871,-382.22
3872,-240.00
3873,-417.78
3874,-577.78
3875,-657.78
3877,-755.56
3878,-951.11
3879,-844.44
3880,-542.22
3881,-355.56
3883,-320.00
3885,-293.33
3886,-542.22
3887,-684.44
3888,-951.11
3889,-960.00
3890,-657.78
3891,-275.56
3893,-195.56
3894,-320.00
3895,-480.00
3896,-666.67
3897,-888.89
3898,-1004.44
3900,-622.22
3901,-240.00
3902,-231.11
3903,-382.22
3904,-453.33
3906,-693.33
3907,-764.44
3908,-915.56
3909,-782.22
3910,-604.44
3911,-328.89
3912,-382.22
3914,-408.89
3915,-577.78
3916,-675.56
3917,-880.00
3918,-933.33
3919,-808.89
3921,-382.22
3922,-266.67
3923,-302.22
3924,-302.22
3926,-577.78
3927,-773.33
3929,-915.56
3930,-782.22
3931,-453.33
3932,-80.00
3933,-186.67
3934,-240.00
3935,-551.11
3937,-640.00
3938,-862.22
3939,-817.78
3940,-560.00
3941,-257.78
3942,-204.44
3944,-373.33
3945,-462.22
3946,-666.67
3947,-844.44
3948,-977.78
3949,-755.56
3951,-426.67
3952,-311.11
3953,-417.78
3954,-506.67
3955,-666.67
3956,-755.56
3958,-986.67
3959,-942.22
3960,-737.78
3961,-364.44
3962,-337.78
3963,-417.78
3965,-453.33
3966,-675.56
3968,-942.22
3969,-968.89
3970,-720.00
3971,-382.22
3973,-97.78
3974,-151.11
3975,-293.33
3976,-560.00
3977,-800.00
3978,-933.33
3979,-737.78
3981,-355.56
3982,-106.67
3983,-213.33
3984,-391.11
3985,-480.00
3986,-693.33
3988,-800.00
3989,-880.00
3990,-533.33
3991,-248.89
3992,-195.56
3993,-444.44
3995,-497.78
3996,-631.11
3997,-773.33
3998,-960.00
3999,-835.56
4000,-560.00
4001,-355.56
4003,-373.33
4004,-400.00
4005,-640.00
4006,-808.89
4007,-1084.44
4009,-1013.33
4011,-684.44
4012,-328.89
4013,-355.56
4014,-400.00
4015,-720.00
4017,-844.44
4018,-1048.89
4019,-960.00
4020,-702.22
4021,-373.33
4022,-346.67
4024,-506.67
4025,-622.22
4026,-791.11
4027,-871.11
4028,-1031.11
4030,-817.78
4031,-560.00
4032,-320.00
4033,-382.22
4034,-453.33
4035,-604.44
4037,-693.33
4038,-933.33
4039,-915.56
4040,-675.56
4041,-266.67
4042,-231.11
4043,-311.11
4045,-400.00
4046,-595.56
4047,-906.67
4048,-862.22
4049,-737.78
4050,-373.33
4052,-142.22
4054,-266.67
4055,-417.78
4056,-595.56
4057,-782.22
4058,-924.44
4060,-808.89
4061,-435.56
4062,-248.89
4063,-284.44
4064,-480.00
4065,-560.00
4067,-773.33
4068,-862.22
4069,-960.00
4070,-640.00
4071,-417.78
4072,-364.44
4074,-480.00
4075,-533.33
4076,-684.44
4077,-800.00
4078,-942.22
4079,-853.33
4081,-595.56
4082,-346.67
4083,-302.22
4084,-311.11
4085,-595.56
4086,-675.56
4087,-986.67
4089,-844.44
4090,-613.33
4091,-177.78
4092,-151.11
4093,-204.44
4094,-506.67
4097,-560.00
4098,-773.33
4099,-826.67
4100,-640.00
4101,-240.00
4102,-195.56
4104,-311.11
4105,-400.00
4106,-542.22
4107,-728.89
4108,-915.56
4109,-791.11
4111,-515.56
4112,-213.33
4113,-284.44
4114,-462.22
4115,-542.22
4116,-711.11
4118,-924.44
4119,-924.44
4120,-693.33
4121,-426.67
4122,-284.44
4123,-391.11
4125,-373.33
4126,-702.22
4127,-826.67
4128,-1013.33
4129,-844.44
4130,-524.44
4132,-177.78
4133,-328.89
4134,-311.11
4135,-693.33
4136,-773.33
4137,-1040.00
4140,-844.44
4141,-613.33
4142,-293.33
4143,-346.67
4144,-426.67
4145,-666.67
4147,-728.89
4148,-933.33
4149,-968.89
4150,-693.33
4151,-311.11
4152,-213.33
4154,-346.67
4155,-586.67
4156,-657.78
4157,-702.22
4158,-853.33
4159,-888.89
4161,-488.89
4162,-328.89
4163,-311.11
4164,-471.11
4165,-524.44
4166,-755.56
4168,-1022.22
4169,-960.00
4170,-702.22
4171,-400.00
4172,-302.22
4173,-400.00
4175,-542.22
4176,-737.78
4177,-968.89
4178,-1057.78
4179,-631.11
4180,-311.11
4183,-186.67
4184,-391.11
4185,-453.33
4186,-737.78
4187,-835.56
4188,-995.56
4190,-782.22
4191,-533.33
4192,-293.33
4193,-435.56
4194,-453.33
4195,-622.22
4197,-675.56
4198,-924.44
4199,-862.22
4200,-773.33
4201,-408.89
4202,-293.33
4204,-320.00
4205,-364.44
4206,-595.56
4207,-737.78
4208,-951.11
4209,-755.56
4211,-462.22
4212,-142.22
4213,-257.78
4214,-284.44
4215,-613.33
4216,-728.89
4217,-906.67
4219,-808.89
4220,-506.67
4221,-177.78
4222,-213.33
4224,-426.67
4225,-515.56
4227,-648.89
4228,-844.44
4229,-968.89
4230,-728.89
4231,-391.11
4232,-302.22
4234,-480.00
4235,-577.78
4236,-666.67
4237,-764.44
4238,-995.56
4239,-897.78
4241,-613.33
4242,-400.00
4243,-320.00
4244,-382.22
4245,-480.00
4246,-711.11
4248,-906.67
4249,-897.78
4250,-640.00
4251,-311.11
4252,-106.67
4253,-248.89
4255,-364.44
4256,-631.11
4257,-773.33
4258,-888.89
4259,-693.33
4260,-417.78
4261,-142.22
4263,-257.78
4264,-355.56
4265,-533.33
4267,-613.33
4268,-826.67
4269,-808.89
4271,-560.00
4272,-222.22
4273,-231.11
4274,-382.22
4275,-497.78
4276,-631.11
4278,-853.33
4279,-986.67
4280,-791.11
4281,-417.78
4282,-391.11
4283,-417.78
4285,-391.11
4286,-657.78
4287,-853.33
4288,-1048.89
4289,-960.00
4290,-702.22
4292,-302.22
4293,-328.89
4294,-346.67
4295,-666.67
4296,-835.56
4297,-1075.56
4299,-986.67
4300,-648.89
4301,-328.89
4302,-320.00
4303,-453.33
4304,-640.00
4306,-755.56
4307,-888.89
4308,-1004.44
4310,-782.22
4311,-382.22
4313,-337.78
4314,-444.44
4315,-497.78
4316,-657.78
4317,-720.00
4318,-933.33
4320,-808.89
4321,-613.33
4322,-257.78
4323,-240.00
4324,-364.44
4325,-542.22
4326,-648.89
4328,-808.89
4329,-933.33
4330,-648.89
4331,-355.56
4332,-231.11
4333,-311.11
4335,-488.89
4336,-648.89
4337,-862.22
4338,-977.78
4339,-826.67
4340,-373.33
4342,-240.00
4343,-337.78
4344,-497.78
4345,-631.11
4346,-800.00
4347,-906.67
4349,-933.33
4350,-613.33
4352,-382.22
4353,-346.67
4354,-524.44
4355,-568.89
4357,-764.44
4358,-835.56
4359,-995.56
4360,-808.89
4361,-551.11
4362,-346.67
4364,-346.67
4365,-382.22
4366,-693.33
4367,-773.33
4368,-960.00
4369,-862.22
4370,-586.67
4372,-151.11
4373,-248.89
4374,-213.33
4375,-524.44
4376,-595.56
4377,-808.89
4379,-773.33
4380,-622.22
4381,-177.78
4382,-168.89
4383,-293.33
4384,-444.44
4386,-542.22
4387,-737.78
4388,-897.78
4389,-764.44
4390,-417.78
4391,-240.00
4393,-373.33
4395,-480.00
4396,-568.89
4397,-720.00
4398,-906.67
4399,-888.89
4401,-684.44
4402,-364.44
4403,-346.67
4404,-382.22
4405,-417.78
4406,-648.89
4408,-888.89
4409,-924.44
4410,-835.56
4411,-488.89
4412,-168.89
4413,-248.89
4414,-275.56
4416,-577.78
4417,-791.11
4418,-924.44
4419,-782.22
4420,-497.78
4421,-231.11
4423,-186.67
4424,-444.44
4425,-506.67
4426,-648.89
4427,-746.67
4428,-906.67
4430,-657.78
4431,-382.22
4432,-231.11
4433,-373.33
4434,-497.78
4435,-604.44
4438,-720.00
4439,-1004.44
4440,-817.78
4441,-515.56
4442,-248.89
4443,-302.22
4445,-435.56
4446,-560.00
4447,-720.00
4448,-1004.44
4449,-951.11
4451,-711.11
4452,-400.00
4453,-400.00
4454,-364.44
4455,-560.00
4456,-702.22
4457,-995.56
4459,-1004.44
4460,-746.67
4461,-364.44
4462,-248.89
4463,-382.22
4465,-506.67
4466,-711.11
4467,-897.78
4468,-1022.22
4469,-782.22
4470,-408.89
4472,-275.56
4473,-364.44
4474,-560.00
4475,-648.89
4476,-764.44
4477,-924.44
4480,-871.11
4481,-604.44
4482,-373.33
4483,-328.89
4484,-373.33
4485,-515.56
4487,-631.11
4488,-800.00
4489,-897.78
4490,-826.67
4491,-524.44
4492,-240.00
4494,-328.89
4495,-328.89
4496,-657.78
4497,-844.44
4498,-977.78
4499,-844.44
4500,-515.56
4502,-195.56
4503,-204.44
4504,-391.11
4505,-631.11
4506,-720.00
4507,-915.56
4509,-960.00
4510,-640.00
4511,-266.67
4512,-293.33
4513,-497.78
4514,-604.44
4516,-693.33
4517,-773.33
4518,-960.00
4519,-844.44
4520,-542.22
4521,-337.78
4524,-355.56
4525,-346.67
4526,-515.56
4527,-693.33
4528,-897.78
4529,-835.56
4531,-622.22
4532,-257.78
4533,-168.89
4534,-115.56
4535,-471.11
4536,-613.33
4538,-888.89
4539,-800.00
4540,-666.67
4541,-222.22
4542,-133.33
4543,-222.22
4544,-417.78
4546,-533.33
4547,-684.44
4548,-800.00
4549,-791.11
4550,-497.78
4551,-266.67
4553,-320.00
4554,-462.22
4555,-568.89
4556,-684.44
4557,-844.44
4558,-968.89
4560,-844.44
4561,-462.22
4562,-355.56
4563,-408.89
4564,-488.89
4566,-586.67
4568,-880.00
4569,-995.56
4570,-924.44
4571,-586.67
4572,-257.78
4573,-284.44
4575,-248.89
4576,-657.78
4577,-755.56
4578,-1022.22
4579,-897.78
4580,-613.33
4582,-177.78
4583,-275.56
4584,-426.67
4585,-622.22
4586,-720.00
4587,-853.33
4589,-888.89
4590,-675.56
4591,-444.44
4592,-293.33
4593,-426.67
4594,-462.22
4596,-551.11
4597,-595.56
4598,-880.00
4599,-826.67
4600,-631.11
4601,-311.11
4603,-213.33
4604,-346.67
4605,-488.89
4606,-684.44
4608,-951.11
4609,-1013.33
4611,-773.33
4612,-426.67
4613,-257.78
4614,-417.78
4615,-568.89
4616,-746.67
4618,-977.78
4619,-1093.33
4620,-800.00
4621,-453.33
4622,-275.56
4623,-417.78
4625,-497.78
4626,-648.89
4627,-800.00
4628,-1040.00
4629,-906.67
4630,-577.78
4632,-364.44
4633,-328.89
4634,-515.56
4635,-586.67
4636,-800.00
4637,-942.22
4639,-1057.78
4640,-764.44
4641,-346.67
4642,-293.33
4643,-382.22
4645,-524.44
4646,-693.33
4647,-880.00
4648,-942.22
4649,-773.33
4651,-444.44
4653,-240.00
4654,-328.89
4655,-266.67
4656,-613.33
4657,-711.11
4658,-880.00
4659,-737.78
4661,-506.67
4662,-168.89
4663,-160.00
4664,-266.67
4665,-471.11
4666,-577.78
4668,-746.67
4669,-897.78
4670,-666.67
4671,-328.89
4672,-213.33
4673,-417.78
4675,-488.89
4676,-657.78
4677,-737.78
4678,-995.56
4679,-853.33
4680,-577.78
4682,-222.22
4683,-337.78
4684,-408.89
4685,-568.89
4686,-622.22
4687,-942.22
4689,-897.78
4690,-728.89
4691,-320.00
4692,-284.44
4694,-311.11
4695,-426.67
4696,-648.89
4698,-933.33
4699,-968.89
4700,-800.00
4701,-444.44
4702,-213.33
4703,-293.33
4705,-417.78
4706,-613.33
4707,-808.89
4708,-897.78
4709,-835.56
4710,-533.33
4712,-320.00
4713,-213.33
4714,-488.89
4715,-551.11
4716,-720.00
4717,-746.67
4719,-986.67
4720,-764.44
4721,-480.00
4722,-293.33
4723,-408.89
4724,-524.44
4726,-622.22
4727,-693.33
4728,-942.22
4729,-924.44
4730,-693.33
4731,-337.78
4733,-346.67
4734,-311.11
4736,-586.67
4737,-720.00
4738,-1040.00
4739,-1022.22
4741,-702.22
4742,-302.22
4743,-213.33
4744,-400.00
4745,-586.67
4746,-728.89
4748,-906.67
4749,-1013.33
4750,-728.89
4751,-382.22
4752,-248.89
4754,-417.78
4755,-506.67
4756,-657.78
4757,-737.78
4758,-951.11
4759,-808.89
4761,-577.78
4762,-320.00
4763,-320.00
4764,-391.11
4765,-480.00
4766,-631.11
4767,-871.11
4769,-897.78
4770,-755.56
4771,-453.33
4772,-284.44
4773,-284.44
4774,-417.78
4776,-657.78
4777,-897.78
4779,-1048.89
4780,-808.89
4781,-435.56
4783,-142.22
4784,-257.78
4785,-346.67
4786,-640.00
4787,-755.56
4788,-880.00
4789,-888.89
4791,-560.00
4792,-284.44
4793,-293.33
4794,-506.67
4795,-488.89
4796,-737.78
4798,-844.44
4799,-1022.22
4800,-728.89
4801,-426.67
4802,-293.33
4804,-426.67
4805,-435.56
4806,-604.44
4807,-711.11
4808,-986.67
4809,-826.67
4810,-533.33
4812,-177.78
4813,-248.89
4814,-151.11
4815,-568.89
4816,-657.78
4817,-968.89
4819,-817.78
4820,-577.78
4822,-115.56
4823,-124.44
4824,-275.56
4825,-506.67
4827,-586.67
4828,-853.33
4829,-880.00
4830,-622.22
4831,-275.56
4832,-248.89
4834,-337.78
4835,-542.22
4836,-640.00
4837,-693.33
4838,-844.44
4839,-906.67
4841,-720.00
4842,-328.89
4843,-364.44
4844,-435.56
4845,-577.78
4846,-657.78
4848,-906.67
4849,-1031.11
4850,-862.22
4851,-551.11
4852,-275.56
4853,-337.78
4855,-462.22
4856,-755.56
4857,-1022.22
4858,-1173.33
4859,-924.44
4861,-435.56
4862,-240.00
4864,-391.11
4865,-524.44
4866,-728.89
4867,-853.33
4869,-986.67
4870,-906.67
4871,-533.33
4872,-346.67
4873,-328.89
4874,-551.11
4875,-560.00
4877,-728.89
4878,-826.67
4879,-986.67
4880,-693.33
4881,-444.44
4882,-302.22
4884,-328.89
4885,-444.44
4886,-604.44
4887,-737.78
4888,-915.56
4889,-826.67
4891,-577.78
4892,-275.56
4893,-320.00
4894,-195.56
4895,-577.78
4896,-640.00
4898,-986.67
4899,-862.22
4900,-737.78
4901,-275.56
4902,-204.44
4903,-346.67
4905,-533.33
4907,-666.67
4908,-835.56
4909,-942.22
4910,-835.56
4911,-435.56
4913,-337.78
4914,-391.11
4915,-577.78
4916,-586.67
4917,-764.44
4918,-933.33
4919,-1013.33
4921,-666.67
4922,-337.78
4923,-302.22
4924,-391.11
4925,-471.11
4927,-657.78
4928,-915.56
4929,-968.89
4930,-746.67
4931,-417.78
4932,-151.11
4934,-257.78
4935,-284.44
4936,-577.78
4937,-773.33
4938,-924.44
4939,-684.44
4940,-444.44
4942,-124.44
4943,-231.11
4944,-293.33
4945,-551.11
4946,-631.11
4947,-835.56
4950,-764.44
4951,-551.11
4952,-257.78
4953,-195.56
4954,-373.33
4955,-426.67
4957,-666.67
4958,-764.44
4959,-977.78
4960,-791.11
4961,-488.89
4962,-195.56
4964,-346.67
4965,-506.67
4966,-577.78
4967,-764.44
4968,-951.11
4969,-942.22
4971,-640.00
4972,-346.67
4973,-275.56
4974,-355.56
4975,-497.78
4976,-693.33
4978,-960.00
4979,-1013.33
4980,-773.33
4981,-355.56
4982,-195.56
4983,-337.78
4985,-444.44
4986,-702.22
4987,-906.67
4988,-1066.67
4989,-791.11
4990,-435.56
4993,-204.44
4994,-284.44
4995,-533.33
4996,-657.78
4997,-808.89
4998,-942.22
5000,-888.89
5001,-542.22
5002,-284.44
5003,-284.44
5004,-435.56
5005,-568.89
5007,-675.56
5008,-844.44
5009,-951.11
5010,-826.67
5011,-568.89
5012,-302.22
5014,-400.00
5015,-293.33
5016,-693.33
5017,-800.00
5018,-1111.11
5019,-897.78
5021,-622.22
5022,-160.00
5023,-293.33
5024,-337.78
5025,-702.22
5026,-755.56
5028,-1013.33
5029,-880.00
5030,-622.22
5031,-240.00
5032,-275.56
5033,-488.89
5036,-586.67
5037,-755.56
5038,-808.89
5039,-977.78
5040,-791.11
5041,-444.44
5043,-275.56
5044,-373.33
5045,-471.11
5046,-568.89
5047,-675.56
5048,-844.44
5050,-880.00
5051,-586.67
5052,-346.67
5053,-248.89
5054,-311.11
5055,-337.78
5057,-613.33
5058,-844.44
5059,-924.44
5060,-657.78
5061,-328.89
5062,-71.11
5063,-275.56
5065,-355.56
5066,-613.33
5067,-791.11
5068,-942.22
5069,-782.22
5070,-497.78
5072,-231.11
5073,-284.44
5074,-506.67
5075,-586.67
5076,-737.78
5078,-871.11
5080,-933.33
5081,-764.44
5082,-391.11
5083,-311.11
5084,-391.11
5085,-471.11
5087,-560.00
5088,-746.67
5089,-862.22
5090,-844.44
5091,-453.33
5092,-222.22
5093,-213.33
5095,-142.22
5096,-497.78
5097,-684.44
5098,-960.00
5099,-782.22
5100,-524.44
5102,-88.89
5103,-106.67
5104,-213.33
5105,-471.11
5106,-568.89
5107,-844.44
5109,-862.22
5110,-640.00
5111,-293.33
5112,-222.22
5113,-337.78
5114,-453.33
5115,-586.67
5117,-720.00
5118,-951.11
5120,-888.89
5121,-675.56
5122,-328.89
5123,-373.33
5125,-515.56
5126,-595.56
5127,-693.33
5128,-924.44
5129,-1004.44
5131,-791.11
5132,-462.22
5133,-240.00
5134,-337.78
5135,-417.78
5136,-728.89
5137,-942.22
5139,-1084.44
5140,-880.00
5141,-497.78
5142,-168.89
5143,-355.56
5145,-417.78
5146,-728.89
5147,-808.89
5148,-1013.33
5149,-880.00
5150,-542.22
5152,-284.44
5153,-266.67
5154,-497.78
5155,-560.00
5156,-711.11
5157,-826.67
5159,-986.67
5160,-648.89
5161,-337.78
5163,-275.56
5164,-391.11
5165,-524.44
5167,-613.33
5168,-755.56
5169,-942.22
5170,-835.56
5171,-560.00
5172,-400.00
5174,-337.78
5175,-293.33
5176,-631.11
5177,-737.78
5178,-1022.22
5179,-906.67
5181,-666.67
5182,-266.67
5183,-266.67
5184,-346.67
5185,-613.33
5186,-693.33
5188,-924.44
5189,-977.78
5190,-782.22
5191,-408.89
5192,-320.00
5193,-426.67
5195,-542.22
5196,-711.11
5197,-773.33
5198,-1022.22
5199,-871.11
5200,-551.11
5202,-240.00
5203,-337.78
5204,-408.89
5206,-586.67
5207,-684.44
5208,-871.11
5210,-853.33
5211,-737.78
5212,-346.67
5213,-266.67
5214,-328.89
5215,-320.00
5217,-595.56
5218,-791.11
5219,-924.44
5220,-737.78
5221,-435.56
5222,-62.22
5223,-222.22
5225,-257.78
5226,-595.56
5227,-684.44
5228,-862.22
5229,-800.00
5230,-551.11
5232,-248.89
5233,-231.11
5234,-471.11
5235,-515.56
5236,-702.22
5237,-782.22
5239,-977.78
5240,-764.44
5241,-533.33
5242,-275.56
5243,-400.00
5244,-462.22
5245,-604.44
5248,-737.78
5249,-942.22
5250,-906.67
5251,-684.44
5252,-302.22
5253,-257.78
5255,-231.11
5256,-471.11
5257,-613.33
5258,-942.22
5259,-888.89
5260,-711.11
5262,-266.67
5263,-124.44
5264,-213.33
5265,-364.44
5266,-533.33
5267,-773.33
5269,-844.44
5270,-737.78
5271,-328.89
5272,-231.11
5273,-195.56
5274,-417.78
5276,-480.00
5277,-720.00
5278,-835.56
5279,-880.00
5280,-622.22
5281,-328.89
5283,-275.56
5284,-453.33
5285,-524.44
5286,-666.67
5287,-800.00
5288,-977.78
5289,-791.11
5292,-577.78
5293,-311.11
5294,-400.00
5295,-284.44
5296,-675.56
5297,-773.33
5299,-1102.22
5300,-968.89
5301,-728.89
5302,-257.78
5303,-346.67
5305,-346.67
5306,-675.56
5307,-755.56
5308,-1031.11
5309,-968.89
5310,-684.44
5312,-302.22
5313,-240.00
5314,-488.89
5315,-586.67
5316,-791.11
5317,-773.33
5319,-1031.11
5320,-755.56
5321,-453.33
5322,-213.33
5323,-408.89
5324,-488.89
5326,-640.00
5327,-666.67
5328,-915.56
5329,-880.00
5330,-684.44
5331,-337.78
5334,-302.22
5335,-337.78
5336,-435.56
5337,-595.56
5338,-942.22
5339,-933.33
5341,-764.44
5342,-364.44
5343,-177.78
5344,-275.56
5345,-453.33
5346,-711.11
5348,-915.56
5349,-986.67
5350,-826.67
5351,-462.22
5352,-302.22
5353,-355.56
5354,-533.33
5356,-595.56
5357,-817.78
5358,-915.56
5359,-968.89
5360,-675.56
5361,-373.33
5363,-240.00
5364,-426.67
5365,-551.11
5366,-657.78
5367,-737.78
5368,-933.33
5370,-782.22
5371,-506.67
5372,-302.22
5373,-311.11
5374,-302.22
5376,-524.44
5378,-648.89
5379,-871.11
5380,-844.44
5381,-542.22
5382,-186.67
5383,-133.33
5385,-168.89
5386,-426.67
5387,-604.44
5388,-853.33
5389,-880.00
5390,-622.22
5392,-231.11
5393,-177.78
5394,-355.56
5395,-524.44
5396,-684.44
5397,-782.22
5398,-942.22
5400,-826.67
5401,-586.67
5402,-311.11
5403,-391.11
5404,-480.00
5405,-604.44
5407,-631.11
5408,-897.78
5409,-924.44
5410,-800.00
5411,-471.11
5412,-266.67
5414,-311.11
5415,-275.56
5416,-631.11
5417,-862.22
5419,-1013.33
5420,-826.67
5422,-435.56
5423,-71.11
5424,-213.33
5425,-275.56
5426,-586.67
5427,-693.33
5429,-871.11
5430,-711.11
5431,-462.22
5432,-177.78
5433,-222.22
5434,-382.22
5436,-462.22
5437,-604.44
5438,-746.67
5439,-880.00
5440,-666.67
5441,-400.00
5442,-248.89
5444,-382.22
5445,-488.89
5446,-631.11
5447,-755.56
5448,-986.67
5449,-915.56
5451,-631.11
5452,-364.44
5453,-337.78
5454,-400.00
5455,-640.00
5456,-755.56
5458,-1102.22
5459,-986.67
5460,-800.00
5462,-337.78
5463,-302.22
5464,-346.67
5466,-595.56
5467,-728.89
5468,-1004.44
5469,-1048.89
5470,-817.78
5472,-382.22
5473,-373.33
5474,-408.89
5475,-595.56
5476,-737.78
5477,-844.44
5479,-986.67
5480,-915.56
5481,-533.33
5482,-231.11
5483,-257.78
5484,-417.78
5486,-560.00
5487,-675.56
5488,-817.78
5489,-880.00
5490,-675.56
5491,-382.22
5493,-213.33
5494,-346.67
5495,-337.78
5496,-684.44
5497,-782.22
5498,-968.89
5500,-800.00
5501,-497.78
5502,-151.11
5504,-311.11
5505,-284.44
5506,-622.22
5507,-711.11
5509,-968.89
5510,-826.67
5511,-648.89
5512,-222.22
5513,-337.78
5514,-408.89
5516,-595.56
5517,-728.89
5518,-960.00
5519,-1013.33
5520,-782.22
5522,-462.22
5523,-320.00
5524,-426.67
5525,-595.56
5526,-675.56
5527,-755.56
5528,-942.22
5530,-871.11
5531,-577.78
5532,-302.22
5533,-248.89
5534,-355.56
5535,-462.22
5537,-666.67
5538,-888.89
5539,-871.11
5540,-657.78
5541,-275.56
5542,-124.44
5544,-222.22
5545,-364.44
5547,-480.00
5548,-746.67
5549,-871.11
5550,-702.22
5552,-328.89
5553,-168.89
5554,-186.67
5555,-382.22
5556,-506.67
5557,-720.00
5559,-906.67
5560,-880.00
5561,-551.11
5562,-293.33
5563,-275.56
5564,-435.56
5566,-604.44
5567,-720.00
5568,-826.67
5569,-960.00
5570,-817.78
5571,-480.00
5572,-391.11
5574,-400.00
5575,-337.78
5576,-604.44
5577,-782.22
5578,-1048.89
5580,-924.44
5581,-728.89
5582,-275.56
5583,-320.00
5584,-275.56
5585,-640.00
5587,-755.56
5588,-1013.33
5590,-960.00
5591,-702.22
5592,-311.11
5593,-240.00
5595,-408.89
5596,-577.78
5597,-737.78
5598,-862.22
5599,-986.67
5600,-764.44
5602,-355.56
5603,-177.78
5604,-337.78
5605,-497.78
5606,-577.78
5607,-640.00
5609,-880.00
5610,-844.44
5611,-604.44
5612,-355.56
5613,-284.44
5614,-364.44
5615,-480.00
5617,-666.67
5618,-951.11
5619,-1013.33
5620,-728.89
5621,-320.00
5623,-186.67
5624,-302.22
5625,-462.22
5626,-720.00
5627,-915.56
5628,-1031.11
5630,-746.67
5632,-364.44
5633,-213.33
5634,-346.67
5635,-506.67
5636,-693.33
5638,-835.56
5639,-995.56
5640,-897.78
5641,-631.11
5642,-373.33
5643,-355.56
5645,-462.22
5646,-613.33
5647,-640.00
5648,-826.67
5649,-951.11
5650,-817.78
5652,-462.22
5653,-373.33
5654,-293.33
5655,-337.78
5656,-560.00
5657,-773.33
5658,-915.56
5660,-844.44
5661,-506.67
5662,-124.44
5663,-133.33
5664,-222.22
5665,-524.44
5667,-622.22
5668,-835.56
5669,-817.78
5670,-524.44
5671,-177.78
5672,-151.11
5675,-364.44
5676,-453.33
5677,-675.56
5678,-800.00
5679,-977.78
5680,-728.89
5682,-426.67
5683,-328.89
5684,-444.44
5685,-497.78
5686,-604.44
5687,-693.33
5689,-880.00
5690,-897.78
5691,-711.11
5692,-328.89
5693,-346.67
5694,-337.78
5696,-462.22
5697,-640.00
5698,-897.78
5699,-933.33
5700,-773.33
5701,-462.22
5702,-115.56
5704,-213.33
5705,-311.11
5706,-622.22
5707,-782.22
5708,-924.44
5709,-764.44
5711,-408.89
5712,-142.22
5713,-248.89
5714,-417.78
5715,-524.44
5716,-693.33
5719,-817.78
5720,-853.33
5721,-666.67
5722,-311.11
5723,-284.44
5724,-453.33
5726,-551.11
5727,-604.44
5728,-773.33
5729,-977.78
5730,-897.78
5731,-595.56
5733,-391.11
5734,-293.33
5735,-453.33
5736,-542.22
5737,-835.56
5738,-1040.00
5740,-1066.67
5741,-648.89
5742,-382.22
5743,-320.00
5744,-382.22
5745,-648.89
5747,-808.89
5748,-1013.33
5749,-951.11
5750,-684.44
5751,-364.44
5753,-302.22
5754,-435.56
5755,-560.00
5756,-737.78
5757,-853.33
5758,-1013.33
5761,-755.56
5762,-515.56
5763,-284.44
5764,-364.44
5765,-444.44
5766,-613.33
5768,-675.56
5769,-897.78
5770,-888.89
5771,-675.56
5772,-302.22
5773,-204.44
5775,-302.22
5776,-417.78
5777,-586.67
5778,-897.78
5779,-880.00
5780,-720.00
5782,-311.11
5783,-151.11
5784,-240.00
5785,-435.56
5786,-604.44
5787,-808.89
5788,-942.22
5790,-826.67
5791,-426.67
5792,-320.00
5793,-302.22
5794,-471.11
5795,-542.22
5797,-800.00
5798,-915.56
5799,-1004.44
5800,-613.33
5801,-320.00
5804,-311.11
5805,-506.67
5806,-586.67
5807,-764.44
5808,-871.11
5809,-968.89
5810,-835.56
5812,-506.67
5813,-346.67
5814,-328.89
5815,-426.67
5816,-577.78
5817,-720.00
5819,-968.89
5820,-844.44
5821,-551.11
5822,-213.33
5823,-195.56
5824,-168.89
5826,-453.33
5827,-551.11
5828,-755.56
5829,-808.89
5830,-613.33
5831,-231.11
5833,-88.89
5834,-248.89
5835,-337.78
5836,-533.33
5837,-737.78
5838,-924.44
5839,-782.22
5841,-471.11
5842,-168.89
5843,-248.89
5844,-480.00
5846,-568.89
5847,-728.89
5849,-915.56
5850,-960.00
5851,-693.33
5852,-417.78
5853,-382.22
5854,-471.11
5856,-515.56
5857,-711.11
5858,-880.00
5859,-1022.22
5860,-977.78
5861,-622.22
5863,-320.00
5864,-408.89
5865,-320.00
5866,-666.67
5867,-817.78
5868,-1066.67
5870,-960.00
5871,-675.56
5872,-320.00
5873,-257.78
5874,-453.33
5875,-648.89
5877,-800.00
5878,-933.33
5879,-1013.33
5880,-684.44
5881,-373.33
5883,-240.00
5884,-373.33
5885,-568.89
5886,-648.89
5888,-702.22
5889,-888.89
5891,-835.56
5892,-497.78
5893,-293.33
5894,-302.22
5895,-400.00
5896,-497.78
5897,-640.00
5899,-960.00
5900,-888.89
5901,-711.11
5902,-364.44
5903,-293.33
5904,-248.89
5906,-506.67
5907,-640.00
5908,-906.67
5909,-986.67
5910,-737.78
5911,-346.67
5913,-213.33
5914,-328.89
5915,-462.22
5916,-693.33
5917,-888.89
5918,-1057.78
5920,-871.11
5921,-497.78
5922,-328.89
5923,-444.44
5924,-560.00
5925,-640.00
5927,-702.22
5928,-906.67
5929,-915.56
5931,-800.00
5932,-488.89
5933,-400.00
5935,-355.56
5936,-400.00
5937,-631.11
5938,-800.00
5939,-1004.44
5940,-800.00
5942,-444.44
5943,-115.56
5944,-266.67
5945,-275.56
5946,-648.89
5947,-782.22
5949,-915.56
5950,-755.56
5951,-444.44
5952,-97.78
5953,-133.33
5954,-408.89
5956,-444.44
5957,-622.22
5958,-791.11
5959,-888.89
5960,-613.33
5961,-337.78
5962,-222.22
5964,-444.44
5965,-524.44
5966,-648.89
5967,-684.44
5968,-924.44
5969,-826.67
5971,-622.22
5972,-346.67
5974,-328.89
5975,-337.78
5976,-488.89
5977,-728.89
5979,-968.89
5980,-924.44
5981,-720.00
5982,-364.44
5983,-133.33
5984,-248.89
5986,-444.44
5987,-666.67
5988,-897.78
5989,-986.67
5990,-773.33
5991,-417.78
5993,-168.89
5994,-328.89
5995,-453.33
5996,-622.22
5997,-693.33
5998,-915.56
6000,-826.67
6001,-586.67
6002,-293.33
6003,-275.56
6004,-435.56
6005,-533.33
6006,-604.44
6008,-808.89
6009,-968.89
6010,-844.44
6011,-400.00
6012,-328.89
6013,-284.44
6016,-488.89
6017,-586.67
6018,-888.89
6019,-1048.89
6020,-942.22
6022,-560.00
6023,-364.44
6024,-328.89
6025,-417.78
6026,-604.44
6027,-782.22
6028,-933.33
6030,-1004.44
6031,-613.33
6032,-355.56
6033,-248.89
6034,-426.67
6036,-497.78
6037,-755.56
6038,-844.44
6039,-1057.78
6040,-755.56
6041,-453.33
6043,-275.56
6044,-435.56
6045,-480.00
6046,-657.78
6047,-711.11
6048,-942.22
6050,-808.89
6051,-640.00
6052,-248.89
6053,-320.00
6054,-328.89
6055,-586.67
6057,-631.11
6059,-888.89
6060,-888.89
6061,-791.11
6062,-408.89
6063,-311.11
6065,-284.44
6066,-426.67
6067,-595.56
6068,-835.56
6069,-977.78
6070,-826.67
6071,-426.67
6073,-231.11
6074,-302.22
6075,-453.33
6076,-622.22
6077,-791.11
6078,-915.56
6080,-933.33
6081,-631.11
6082,-364.44
6083,-320.00
6084,-515.56
6085,-595.56
6087,-720.00
6088,-826.67
6089,-1013.33
6090,-728.89
6091,-417.78
6092,-346.67
6094,-320.00
6095,-408.89
6096,-631.11
6097,-791.11
6098,-906.67
6099,-826.67
6102,-515.56
6103,-177.78
6104,-213.33
6105,-222.22
6106,-471.11
6107,-595.56
6109,-764.44
6110,-773.33
6111,-542.22
6112,-204.44
6113,-80.00
6114,-266.67
6115,-346.67
6117,-533.33
6118,-711.11
6119,-942.22
6120,-746.67
6121,-408.89
6122,-186.67
6124,-284.44
6125,-497.78
6126,-604.44
6127,-764.44
6128,-942.22
6129,-942.22
6131,-666.67
6132,-337.78
6133,-382.22
6134,-462.22
6135,-515.56
6136,-693.33
6138,-924.44
6139,-995.56
6140,-871.11
6141,-560.00
6142,-284.44
6144,-373.33
6146,-346.67
6147,-613.33
6148,-853.33
6149,-1022.22
6150,-897.78
6151,-533.33
6153,-302.22
6154,-231.11
6155,-426.67
6156,-595.56
6157,-782.22
6158,-862.22
6160,-924.44
6161,-604.44
6162,-293.33
6163,-213.33
6164,-435.56
6165,-497.78
6167,-640.00
6168,-666.67
6169,-888.89
6170,-746.67
6171,-524.44
6172,-231.11
6174,-302.22
6175,-364.44
6176,-524.44
6177,-577.78
6178,-915.56
6179,-933.33
6180,-702.22
6182,-382.22
6183,-311.11
6184,-355.56
6185,-542.22
6187,-693.33
6188,-1004.44
6190,-1031.11
6191,-737.78
6192,-311.11
6193,-213.33
6194,-391.11
6196,-471.11
6197,-711.11
6198,-880.00
6199,-1057.78
6200,-791.11
6201,-471.11
6203,-266.67
6204,-408.89
6205,-551.11
6206,-666.67
6207,-773.33
6208,-960.00
6210,-942.22
6211,-711.11
6212,-400.00
6213,-382.22
6214,-373.33
6215,-595.56
6217,-640.00
6218,-844.44
6219,-888.89
6220,-853.33
6221,-444.44
6222,-266.67
6224,-311.11
6225,-248.89
6226,-577.78
6227,-791.11
6228,-906.67
6230,-808.89
6232,-506.67
6233,-142.22
6234,-142.22
6235,-311.11
6236,-497.78
6237,-604.44
6239,-853.33
6240,-888.89
6241,-640.00
6242,-275.56
6243,-222.22
6244,-408.89
6245,-497.78
6247,-657.78
6248,-746.67
6249,-968.89
6250,-835.56
6251,-533.33
6252,-275.56
6254,-337.78
6255,-391.11
6256,-515.56
6257,-737.78
6258,-968.89
6259,-880.00
6261,-640.00
6262,-293.33
6263,-186.67
6264,-186.67
6265,-462.22
6266,-648.89
6268,-933.33
6269,-906.67
6270,-728.89
6272,-293.33
6273,-213.33
6274,-284.44
6276,-480.00
6277,-595.56
6278,-782.22
6279,-915.56
6280,-853.33
6281,-533.33
6282,-302.22
6284,-275.56
6285,-488.89
6286,-542.22
6287,-684.44
6288,-826.67
6289,-1013.33
6291,-782.22
6292,-382.22
6293,-328.89
6294,-408.89
6295,-533.33
6297,-675.56
6298,-888.89
6299,-1048.89
6300,-897.78
6301,-524.44
6302,-204.44
6304,-400.00
6305,-373.33
6306,-693.33
6307,-835.56
6308,-1075.56
6309,-915.56
6311,-586.67
6312,-293.33
6313,-328.89
6315,-444.44
6316,-622.22
6317,-755.56
6319,-933.33
6320,-995.56
6321,-693.33
6322,-355.56
6323,-266.67
6324,-382.22
6326,-497.78
6327,-684.44
6328,-746.67
6329,-968.89
6330,-800.00
6331,-506.67
6333,-293.33
6334,-293.33
6335,-382.22
6336,-622.22
6337,-720.00
6338,-924.44
6340,-897.78
6341,-684.44
6342,-373.33
6343,-266.67
6344,-364.44
6345,-515.56
6347,-666.67
6348,-888.89
6349,-1004.44
6350,-755.56
6351,-364.44
6352,-213.33
6354,-311.11
6355,-444.44
6356,-622.22
6358,-755.56
6359,-977.78
6360,-897.78
6362,-533.33
6363,-275.56
6364,-293.33
6365,-480.00
6366,-551.11
6367,-755.56
6369,-888.89
6370,-986.67
6371,-746.67
6372,-346.67
6373,-248.89
6374,-364.44
6375,-471.11
6377,-604.44
6378,-808.89
6379,-853.33
6380,-773.33
6381,-471.11
6382,-293.33
6384,-257.78
6385,-222.22
6386,-524.44
6387,-604.44
6388,-817.78
6389,-800.00
6391,-586.67
6392,-151.11
6393,-124.44
6394,-213.33
6395,-417.78
6396,-560.00
6398,-817.78
6400,-888.89
6401,-728.89
6402,-364.44
6403,-257.78
6404,-328.89
6406,-497.78
6407,-613.33
6408,-764.44
6409,-1004.44
6410,-880.00
6411,-631.11
6413,-311.11
6414,-328.89
6415,-444.44
6416,-604.44
6417,-684.44
6418,-995.56
6420,-995.56
6421,-800.00
6422,-400.00
6423,-284.44
6424,-355.56
6425,-417.78
6427,-648.89
6428,-924.44
6429,-1093.33
6430,-826.67
6431,-426.67
6432,-240.00
6434,-364.44
6435,-471.11
6436,-666.67
6437,-880.00
6438,-995.56
6439,-844.44
6441,-462.22
6443,-248.89
6444,-204.44
6445,-488.89
6446,-560.00
6447,-702.22
6449,-728.89
6450,-906.67
6451,-640.00
6452,-391.11
6453,-266.67
6454,-400.00
6456,-471.11
6457,-657.78
6458,-684.44
6459,-942.22
6460,-915.56
6461,-666.67
6462,-320.00
6464,-346.67
6465,-293.33
6466,-631.11
6467,-746.67
6468,-1102.22
6470,-968.89
6471,-693.33
6472,-257.78
6473,-240.00
6474,-337.78
6475,-648.89
6477,-702.22
6478,-960.00
6479,-1048.89
6480,-791.11
6481,-355.56
6482,-337.78
6484,-391.11
6486,-542.22
6487,-675.56
6488,-808.89
6489,-995.56
6490,-906.67
6492,-586.67
6493,-284.44
6494,-302.22
6495,-444.44
6496,-524.44
6497,-693.33
6499,-915.56
6500,-933.33
6501,-622.22
6502,-373.33
6503,-186.67
6504,-302.22
6505,-302.22
6507,-613.33
6508,-746.67
6509,-888.89
6510,-702.22
6511,-400.00
6512,-115.56
6514,-231.11
6515,-284.44
6516,-560.00
6517,-631.11
6518,-817.78
6519,-844.44
6521,-622.22
6522,-302.22
6523,-248.89
6524,-417.78
6525,-515.56
6526,-657.78
6529,-800.00
6530,-986.67
6531,-808.89
6532,-462.22
6533,-266.67
6534,-382.22
6536,-453.33
6537,-551.11
6538,-711.11
6539,-977.78
6540,-880.00
6541,-533.33
6543,-275.56
6544,-222.22
6545,-293.33
6546,-453.33
6547,-640.00
6548,-853.33
6549,-880.00
6551,-622.22
6552,-320.00
6553,-124.44
6554,-293.33
6555,-346.67
6556,-586.67
6558,-800.00
6559,-906.67
6560,-684.44
6561,-444.44
6562,-240.00
6563,-248.89
6565,-471.11
6566,-551.11
6567,-711.11
6568,-862.22
6569,-960.00
6571,-666.67
6573,-355.56
6574,-337.78
6575,-408.89
6576,-551.11
6577,-657.78
6578,-844.44
6580,-1004.44
6581,-853.33
6582,-551.11
6583,-231.11
6584,-346.67
6585,-346.67
6587,-693.33
6588,-853.33
6589,-1120.00
6590,-924.44
6591,-551.11
6592,-222.22
6594,-382.22
6595,-462.22
6596,-737.78
6597,-755.56
6598,-1031.11
6600,-977.78
6601,-613.33
6602,-320.00
6603,-320.00
6604,-533.33
6605,-524.44
6607,-702.22
6608,-826.67
6609,-1004.44
6610,-737.78
6611,-444.44
6612,-293.33
6615,-320.00
6616,-480.00
6617,-640.00
6618,-791.11
6619,-951.11
6620,-880.00
6622,-560.00
6623,-257.78
6624,-302.22
6625,-222.22
6626,-560.00
6627,-666.67
6629,-906.67
6630,-826.67
6631,-648.89
6632,-231.11
6633,-142.22
6634,-284.44
6635,-435.56
6637,-622.22
6638,-782.22
6639,-906.67
6640,-755.56
6641,-408.89
6642,-293.33
6644,-302.22
6645,-435.56
6646,-533.33
6647,-746.67
6648,-897.78
6649,-960.00
6651,-640.00
6652,-284.44
6653,-248.89
6654,-337.78
6656,-471.11
6657,-666.67
6659,-835.56
6660,-951.11
6661,-728.89
6662,-408.89
6663,-151.11
6664,-328.89
6666,-213.33
6667,-595.56
6668,-657.78
6669,-897.78
6670,-684.44
6671,-515.56
6673,-151.11
6674,-195.56
6675,-284.44
6676,-506.67
6677,-595.56
6678,-835.56
6679,-835.56
6681,-640.00
6682,-311.11
6683,-275.56
6684,-355.56
6685,-497.78
6686,-648.89
6688,-711.11
6689,-942.22
6690,-871.11
6691,-595.56
6692,-240.00
6693,-328.89
6695,-462.22
6696,-560.00
6697,-737.78
6699,-960.00
6700,-986.67
6701,-675.56
6703,-364.44
6704,-195.56
6705,-408.89
6706,-391.11
6707,-657.78
6708,-808.89
6710,-977.78
6711,-684.44
6712,-382.22
6713,-160.00
6714,-293.33
6715,-275.56
6717,-568.89
6718,-737.78
6719,-942.22
6720,-746.67
6721,-533.33
6722,-257.78
6723,-213.33
6725,-364.44
6726,-444.44
6727,-631.11
6728,-800.00
6729,-906.67
6730,-720.00
6732,-408.89
6733,-240.00
6734,-355.56
6735,-551.11
6736,-648.89
6737,-835.56
6739,-977.78
6740,-906.67
6742,-595.56
6743,-364.44
6744,-364.44
6745,-355.56
6747,-631.11
6748,-737.78
6749,-1075.56
6750,-1048.89
6751,-764.44
6753,-311.11
6754,-293.33
6755,-355.56
6756,-648.89
6757,-737.78
6758,-1004.44
6760,-1031.11
6761,-737.78
6762,-257.78
6763,-293.33
6764,-480.00
6765,-595.56
6767,-755.56
6768,-853.33
6769,-1040.00
6770,-844.44
6771,-462.22
6773,-284.44
6774,-382.22
6775,-453.33
6776,-586.67
6777,-693.33
6778,-880.00
6780,-888.89
6781,-533.33
6782,-275.56
6784,-195.56
6785,-195.56
6786,-373.33
6787,-631.11
6789,-844.44
6790,-862.22
6791,-568.89
6792,-240.00
6793,0.00
6794,-275.56
6795,-328.89
6797,-693.33
6798,-746.67
6799,-960.00
6800,-826.67
6801,-551.11
6802,-248.89
6804,-293.33
6805,-488.89
6806,-551.11
6807,-728.89
6808,-826.67
6809,-986.67
6810,-773.33
6812,-417.78
6813,-293.33
6814,-382.22
6815,-488.89
6816,-586.67
6817,-720.00
6819,-915.56
6820,-897.78
6821,-524.44
6822,-248.89
6823,-240.00
6824,-195.56
6827,-497.78
6828,-684.44
6829,-915.56
6830,-844.44
6831,-577.78
6832,-177.78
6834,-97.78
6835,-302.22
6836,-453.33
6837,-657.78
6838,-791.11
6839,-933.33
6840,-746.67
6842,-480.00
6843,-266.67
6844,-382.22
6845,-462.22
6846,-595.56
6847,-693.33
6849,-880.00
6850,-924.44
6851,-764.44
6852,-355.56
6853,-346.67
6854,-382.22
6856,-542.22
6857,-604.44
6858,-871.11
6859,-906.67
6860,-871.11
6861,-400.00
6863,-213.33
6864,-222.22
6865,-231.11
6866,-542.22
6867,-737.78
6868,-888.89
6871,-782.22
6872,-453.33
6873,-97.78
6874,-71.11
6875,-293.33
6876,-408.89
6877,-613.33
6878,-782.22
6880,-915.56
6881,-613.33
6882,-382.22
6883,-222.22
6884,-382.22
6885,-391.11
6887,-613.33
6888,-684.44
6889,-968.89
6890,-871.11
6891,-711.11
6892,-293.33
6894,-373.33
6895,-373.33
6896,-622.22
6897,-737.78
6898,-1013.33
6899,-977.78
6901,-871.11
6902,-435.56
6903,-240.00
6904,-373.33
6905,-444.44
6906,-675.56
6908,-942.22
6909,-1048.89
6910,-835.56
6912,-488.89
6913,-168.89
6915,-311.11
6916,-435.56
6917,-657.78
6918,-800.00
6919,-1022.22
6920,-960.00
6922,-515.56
6923,-337.78
6924,-275.56
6925,-506.67
6926,-533.33
6927,-720.00
6929,-835.56
6930,-951.11
6931,-622.22
6932,-275.56
6933,-177.78
6934,-320.00
6936,-542.22
6937,-648.89
6938,-746.67
6939,-951.11
6940,-826.67
6941,-533.33
6942,-355.56
6944,-408.89
6945,-337.78
6946,-657.78
6947,-755.56
6948,-1013.33
6950,-888.89
6951,-657.78
6952,-293.33
6953,-284.44
6955,-346.67
6956,-604.44
6958,-711.11
6959,-951.11
6960,-1031.11
6961,-755.56
6962,-373.33
6963,-311.11
6965,-444.44
6966,-560.00
6967,-773.33
6968,-871.11
6969,-1066.67
6970,-871.11
6972,-577.78
6973,-231.11
6974,-337.78
6975,-462.22
6976,-604.44
6977,-711.11
6979,-960.00
6980,-897.78
6981,-684.44
6982,-355.56
6983,-257.78
6984,-284.44
6986,-391.11
6987,-595.56
6988,-826.67
6989,-933.33
6990,-702.22
6991,-328.89
6993,-44.44
6994,-186.67
6995,-266.67
6996,-551.11
6998,-675.56
6999,-826.67
7000,-764.44
7002,-426.67
7003,-231.11
7004,-204.44
7005,-471.11
7006,-471.11
7007,-711.11
7009,-755.56
7010,-942.22
7011,-711.11
7012,-524.44
7013,-266.67
7014,-408.89
7016,-488.89
7017,-595.56
7018,-737.78
7019,-986.67
7020,-888.89
7021,-640.00
7023,-302.22
7024,-320.00
7025,-275.56
7026,-551.11
7027,-666.67
7028,-986.67
7029,-915.56
7031,-693.33
7032,-240.00
7033,-124.44
7034,-275.56
7035,-391.11
7036,-577.78
7038,-808.89
7040,-924.44
7041,-711.11
7042,-391.11
7043,-195.56
7044,-266.67
7046,-435.56
7047,-533.33
7048,-675.56
7049,-888.89
7050,-844.44
7051,-568.89
7053,-328.89
7054,-275.56
7055,-408.89
7056,-524.44
7057,-666.67
7058,-826.67
7060,-1004.44
7061,-791.11
7062,-533.33
7063,-328.89
7064,-444.44
7065,-337.78
7067,-684.44
7068,-880.00
7069,-1137.78
7070,-915.56
7071,-631.11
7072,-213.33
7074,-346.67
7075,-373.33
7076,-791.11
7077,-835.56
7078,-1093.33
7080,-960.00
7081,-622.22
7083,-284.44
7084,-328.89
7085,-542.22
7086,-631.11
7088,-826.67
7089,-897.78
7090,-1057.78
7091,-773.33
7092,-435.56
7093,-284.44
7095,-408.89
7096,-480.00
7097,-586.67
7098,-711.11
7099,-915.56
7100,-897.78
7102,-586.67
7103,-275.56
7104,-240.00
7105,-204.44
7106,-551.11
7107,-666.67
7109,-986.67
7110,-871.11
7111,-622.22
7112,-142.22
7113,-97.78
7114,-266.67
7115,-471.11
7117,-684.44
7118,-897.78
7119,-924.44
7120,-737.78
7121,-364.44
7122,-320.00
7124,-346.67
7126,-542.22
7127,-595.56
7128,-817.78
7129,-906.67
7130,-960.00
7132,-702.22
7133,-426.67
7134,-302.22
7135,-417.78
7136,-524.44
7137,-640.00
7138,-835.56
7140,-968.89
7141,-782.22
7142,-497.78
7143,-177.78
7144,-302.22
7145,-151.11
7147,-631.11
7148,-711.11
7149,-1004.44
7150,-791.11
7151,-488.89
7152,-26.67
7154,-186.67
7155,-213.33
7156,-551.11
7157,-551.11
7158,-853.33
7159,-755.56
7161,-577.78
7162,-177.78
7163,-231.11
7164,-337.78
7165,-497.78
7166,-551.11
7169,-720.00
7170,-915.56
7171,-817.78
7172,-533.33
7173,-328.89
7174,-382.22
7176,-462.22
7177,-622.22
7178,-755.56
7179,-986.67
7180,-986.67
7181,-737.78
7182,-426.67
7184,-248.89
7185,-373.33
7186,-408.89
7187,-720.00
7188,-951.11
7189,-1013.33
7191,-826.67
7192,-417.78
7193,-151.11
7194,-320.00
7195,-426.67
7197,-631.11
7198,-817.78
7199,-933.33
7200,-817.78
7201,-471.11
7202,-266.67
7203,-213.33
7205,-435.56
7206,-444.44
7207,-666.67
7208,-764.44
7209,-924.44
7211,-586.67
7213,-311.11
7214,-195.56
7215,-346.67
7216,-417.78
7217,-604.44
7218,-773.33
7220,-977.78
7221,-835.56
7222,-533.33
7223,-302.22
7224,-382.22
7225,-328.89
7227,-666.67
7228,-773.33
7229,-1120.00
7230,-924.44
7231,-711.11
7232,-302.22
7234,-355.56
7235,-346.67
7236,-631.11
7237,-728.89
7238,-1040.00
7240,-995.56
7241,-764.44
7242,-337.78
7243,-346.67
7244,-417.78
7245,-586.67
7246,-737.78
7248,-924.44
7249,-1048.89
7250,-915.56
7251,-497.78
7252,-195.56
7255,-320.00
7256,-515.56
7257,-657.78
7258,-737.78
7259,-924.44
7260,-853.33
7262,-613.33
7263,-364.44
7264,-240.00
7265,-302.22
7266,-346.67
7267,-622.22
7268,-817.78
7270,-862.22
7271,-711.11
7272,-355.56
7273,-53.33
7274,-240.00
7275,-284.44
7277,-586.67
7278,-728.89
7279,-942.22
7280,-800.00
7281,-471.11
7282,-204.44
7284,-257.78
7285,-462.22
7286,-542.22
7287,-791.11
7288,-888.89
7289,-960.00
7290,-675.56
7292,-462.22
7293,-293.33
7294,-453.33
7296,-586.67
7297,-657.78
7298,-773.33
7300,-968.89
7301,-862.22
7302,-551.11
7303,-355.56
7304,-302.22
7305,-240.00
7307,-533.33
7308,-657.78
7309,-1004.44
7310,-888.89
7311,-711.11
7312,-177.78
7314,-168.89
7315,-186.67
7316,-515.56
7317,-568.89
7318,-880.00
7319,-844.44
7321,-666.67
7322,-186.67
7323,-151.11
7324,-284.44
7325,-453.33
7326,-577.78
7328,-711.11
7329,-871.11
7330,-773.33
7331,-480.00
7332,-275.56
7333,-346.67
7335,-453.33
7336,-560.00
7337,-675.56
7339,-862.22
7340,-933.33
7341,-853.33
7343,-506.67
7344,-355.56
7345,-417.78
7346,-373.33
7347,-666.67
7348,-862.22
7350,-1137.78
7351,-924.44
7352,-622.22
7353,-266.67
7354,-355.56
7355,-400.00
7357,-755.56
7358,-888.89
7359,-1057.78
7360,-968.89
7361,-613.33
7362,-364.44
7364,-293.33
7365,-568.89
7366,-613.33
7367,-800.00
7368,-862.22
7369,-968.89
7371,-728.89
7372,-444.44
7373,-231.11
7374,-400.00
7375,-462.22
7376,-533.33
7378,-631.11
7379,-933.33
7380,-862.22
7382,-595.56
7383,-337.78
7384,-240.00
7386,-302.22
7387,-488.89
7388,-675.56
7389,-960.00
7390,-942.22
7391,-684.44
7392,-284.44
7394,-222.22
7395,-337.78
7396,-515.56
7397,-684.44
7398,-915.56
7399,-986.67
7401,-720.00
7402,-462.22
7403,-328.89
7404,-435.56
7405,-533.33
7406,-657.78
7408,-800.00
7409,-968.89
7410,-924.44
7411,-648.89
7412,-408.89
7413,-328.89
7415,-417.78
7416,-551.11
7417,-657.78
7418,-835.56
7419,-968.89
7420,-773.33
7422,-391.11
7424,-275.56
7425,-311.11
7426,-293.33
7427,-604.44
7428,-737.78
7430,-897.78
7431,-782.22
7432,-506.67
7433,-124.44
7434,-177.78
7435,-293.33
7437,-524.44
7438,-622.22
7439,-826.67
7440,-800.00
7441,-506.67
7442,-204.44
7443,-213.33
7445,-408.89
7446,-462.22
7447,-684.44
7448,-791.11
7449,-1013.33
7451,-746.67
7452,-462.22
7453,-311.11
7454,-471.11
7455,-497.78
7456,-666.67
7458,-773.33
7459,-986.67
7460,-915.56
7461,-675.56
7462,-346.67
7463,-231.11
7464,-355.56
7467,-506.67
7468,-702.22
7469,-968.89
7470,-977.78
7471,-728.89
7472,-373.33
7474,-186.67
7475,-240.00
7476,-417.78
7477,-640.00
7478,-808.89
7479,-906.67
7481,-773.33
7482,-400.00
7483,-195.56
7484,-231.11
7485,-426.67
7486,-506.67
7488,-666.67
7489,-808.89
7490,-897.78
7491,-604.44
7492,-275.56
7493,-266.67
7495,-417.78
7496,-533.33
7497,-622.22
7498,-826.67
7499,-960.00
7500,-808.89
7502,-560.00
7503,-373.33
7504,-355.56
7505,-382.22
7506,-640.00
7507,-817.78
7508,-1102.22
7511,-1022.22
7512,-702.22
7513,-284.44
7514,-400.00
7515,-400.00
7517,-711.11
7518,-808.89
7519,-1048.89
7520,-933.33
7521,-657.78
7523,-382.22
7524,-328.89
7525,-524.44
7526,-586.67
7527,-755.56
7528,-826.67
7529,-995.56
7531,-755.56
7532,-533.33
7533,-320.00
7534,-364.44
7535,-444.44
7536,-560.00
7538,-640.00
7539,-897.78
7540,-897.78
7541,-657.78
7542,-320.00
7543,-204.44
7545,-302.22
7546,-391.11
7547,-568.89
7548,-871.11
7549,-880.00
7550,-746.67
7553,-391.11
7554,-195.56
7555,-284.44
7556,-391.11
7557,-604.44
7558,-826.67
7560,-995.56
7561,-808.89
7562,-444.44
7563,-275.56
7564,-275.56
7565,-435.56
7567,-577.78
7568,-782.22
7569,-960.00
7570,-1004.44
7571,-604.44
7572,-302.22
7574,-328.89
7575,-542.22
7576,-613.33
7577,-746.67
7578,-844.44
7579,-951.11
7581,-817.78
7582,-524.44
7583,-346.67
7584,-337.78
7585,-391.11
7586,-551.11
7588,-684.44
7589,-960.00
7590,-871.11
7591,-595.56
7592,-195.56
7593,-151.11
7595,-124.44
7597,-471.11
7598,-613.33
7599,-853.33
7600,-826.67
7601,-586.67
7602,-151.11
7604,-26.67
7605,-240.00
7606,-391.11
7607,-560.00
7608,-737.78
7609,-915.56
7611,-764.44
7612,-435.56
7613,-204.44
7614,-373.33
7615,-488.89
7616,-577.78
7617,-702.22
7619,-924.44
7620,-906.67
7621,-791.11
7622,-462.22
7623,-373.33
7624,-355.56
7626,-426.67
7627,-640.00
7628,-897.78
7629,-1057.78
7630,-924.44
7632,-542.22
7633,-240.00
7634,-346.67
7635,-346.67
7636,-755.56
7638,-915.56
7639,-1066.67
7641,-906.67
7642,-586.67
7643,-328.89
7644,-311.11
7645,-533.33
7647,-666.67
7648,-764.44
7649,-897.78
7650,-977.78
7651,-675.56
7652,-391.11
7654,-240.00
7655,-408.89
7656,-568.89
7657,-622.22
7658,-675.56
7659,-880.00
7660,-862.22
7662,-515.56
7663,-320.00
7664,-337.78
7665,-408.89
7666,-444.44
7667,-684.44
7669,-977.78
7670,-951.11
7671,-737.78
7672,-417.78
7673,-257.78
7674,-320.00
7676,-551.11
7677,-755.56
7678,-1004.44
7680,-1040.00
7681,-675.56
7683,-248.89
7684,-186.67
7685,-373.33
7686,-533.33
7687,-720.00
7688,-835.56
7690,-942.22
7691,-800.00
7692,-542.22
7693,-355.56
7694,-471.11
7695,-480.00
7697,-595.56
7698,-675.56
7699,-942.22
7700,-924.44
7701,-808.89
7702,-462.22
7703,-311.11
7705,-293.33
7706,-320.00
7707,-622.22
7708,-800.00
7709,-960.00
7710,-773.33
7712,-453.33
7713,-106.67
7714,-240.00
7715,-257.78
7716,-648.89
7717,-720.00
7719,-924.44
7720,-782.22
7721,-506.67
7723,-160.00
7724,-231.11
7725,-364.44
7727,-488.89
7728,-604.44
7729,-826.67
7730,-888.89
7731,-693.33
7732,-337.78
7734,-284.44
7735,-444.44
7736,-515.56
7737,-622.22
7738,-746.67
7739,-995.56
7741,-826.67
7742,-551.11
7743,-320.00
7744,-266.67
7745,-364.44
7746,-542.22
7747,-773.33
7749,-897.78
7750,-933.33
7751,-666.67
7752,-328.89
7753,-151.11
7754,-231.11
7756,-408.89
7757,-648.89
7758,-844.44
7759,-924.44
7760,-728.89
7761,-426.67
7763,-151.11
7764,-311.11
7766,-426.67
7767,-613.33
7768,-657.78
7769,-897.78
7771,-826.67
7772,-542.22
7773,-222.22
7774,-275.56
7775,-426.67
7776,-568.89
7778,-684.44
7779,-844.44
7780,-960.00
7781,-817.78
7782,-400.00
7783,-346.67
7785,-355.56
7786,-497.78
7787,-622.22
7788,-862.22
7789,-1048.89
7790,-977.78
7792,-640.00
7793,-328.89
7794,-328.89
7795,-391.11
7796,-657.78
7797,-853.33
7799,-1066.67
7800,-977.78
7801,-613.33
7802,-302.22
7803,-293.33
7804,-471.11
7806,-595.56
7808,-782.22
7809,-897.78
7810,-1022.22
7811,-666.67
7812,-408.89
7814,-240.00
7815,-462.22
7816,-515.56
7817,-657.78
7818,-675.56
7819,-951.11
7821,-782.22
7822,-657.78
7823,-293.33
7824,-302.22
7825,-293.33
7826,-560.00
7828,-577.78
7829,-853.33
7830,-880.00
7831,-728.89
7832,-355.56
7833,-257.78
7835,-266.67
7836,-480.00
7837,-613.33
7838,-897.78
7839,-1004.44
7840,-791.11
7842,-302.22
7843,-195.56
7844,-311.11
7845,-506.67
7846,-577.78
7847,-800.00
7849,-897.78
7851,-906.67
7852,-586.67
7853,-346.67
7854,-311.11
7855,-515.56
7857,-560.00
7858,-728.89
7859,-871.11
7860,-1031.11
7861,-808.89
7862,-435.56
7864,-346.67
7865,-364.44
7866,-382.22
7867,-648.89
7868,-817.78
7869,-977.78
7871,-808.89
7872,-560.00
7873,-186.67
7874,-257.78
7875,-248.89
7876,-506.67
7878,-666.67
7879,-844.44
7880,-773.33
7881,-533.33
7882,-248.89
7883,-71.11
7884,-266.67
7886,-346.67
7887,-551.11
7888,-737.78
7889,-933.33
7890,-684.44
7891,-391.11
7894,-142.22
7895,-302.22
7896,-471.11
7897,-595.56
7898,-675.56
7899,-942.22
7901,-862.22
7902,-622.22
7903,-302.22
7904,-382.22
7905,-435.56
7906,-506.67
7908,-675.56
7909,-960.00
7910,-1004.44
7911,-835.56
7912,-488.89
7913,-293.33
7915,-382.22
7916,-471.11
7917,-737.78
7918,-1013.33
7919,-1137.78
7921,-897.78
7922,-453.33
7923,-311.11
7924,-400.00
7925,-568.89
7926,-746.67
7928,-862.22
7929,-995.56
7930,-906.67
7931,-568.89
7932,-293.33
7933,-311.11
7936,-542.22
7937,-631.11
7938,-737.78
7939,-782.22
7940,-951.11
7941,-782.22
7942,-506.67
7944,-311.11
7945,-328.89
7946,-417.78
7947,-524.44
7948,-693.33
7949,-880.00
7951,-871.11
7952,-577.78
7953,-186.67
7954,-213.33
7955,-177.78
7956,-613.33
7958,-702.22
7959,-968.89
7960,-897.78
7961,-666.67
7962,-186.67
7963,-195.56
7965,-346.67
7966,-560.00
7967,-640.00
7968,-897.78
7969,-933.33
7970,-773.33
7972,-400.00
7973,-302.22
7974,-408.89
7975,-560.00
7976,-613.33
7977,-728.89
7980,-951.11
7981,-951.11
7982,-711.11
7983,-453.33
7984,-391.11
7985,-355.56
7986,-551.11
7988,-684.44
7989,-880.00
7990,-897.78
7991,-835.56
7992,-488.89
7993,-177.78
7995,-275.56
7996,-284.44
7997,-613.33
7998,-782.22
7999,-951.11
8000,-826.67
8002,-488.89
8003,-133.33
8004,-186.67
8005,-382.22
8006,-551.11
8007,-631.11
8009,-844.44
8010,-880.00
8011,-657.78
8012,-302.22
8013,-257.78
8014,-408.89
8016,-560.00
8017,-586.67
8018,-737.78
8019,-951.11
8020,-817.78
8022,-551.11
8023,-364.44
8025,-311.11
8026,-337.78
8027,-488.89
8028,-720.00
8029,-960.00
8030,-897.78
8032,-604.44
8033,-257.78
8034,-124.44
8035,-168.89
8036,-453.33
8037,-595.56
8039,-862.22
8040,-844.44
8041,-640.00
8042,-293.33
8043,-186.67
8044,-275.56
8046,-426.67
8047,-551.11
8048,-720.00
8049,-862.22
8050,-835.56
8051,-524.44
8053,-284.44
8054,-266.67
8055,-462.22
8056,-542.22
8057,-702.22
8058,-897.78
8060,-1022.22
8061,-737.78
8062,-346.67
8064,-257.78
8065,-453.33
8066,-551.11
8068,-666.67
8069,-871.11
8070,-1057.78
8071,-880.00
8072,-524.44
8073,-266.67
8075,-417.78
8076,-373.33
8077,-711.11
8078,-835.56
8079,-1093.33
8081,-924.44
8082,-613.33
8083,-275.56
8084,-320.00
8085,-408.89
8086,-640.00
8088,-782.22
8089,-1004.44
8090,-1004.44
8091,-631.11
8092,-284.44
8093,-266.67
8095,-444.44
8096,-551.11
8097,-773.33
8098,-817.78
8099,-986.67
8100,-746.67
8102,-462.22
8103,-266.67
8104,-373.33
8105,-400.00
8107,-604.44
8108,-720.00
8110,-897.78
8111,-835.56
8112,-622.22
8113,-311.11
8114,-266.67
8115,-213.33
8117,-497.78
8118,-622.22
8119,-906.67
8120,-888.89
8121,-720.00
8122,-275.56
8124,-133.33
8125,-240.00
8126,-453.33
8127,-613.33
8128,-817.78
8129,-933.33
8131,-835.56
8132,-471.11
8133,-222.22
8134,-311.11
8135,-515.56
8136,-640.00
8137,-746.67
8139,-968.89
8140,-995.56
8141,-746.67
8142,-346.67
8143,-355.56
8144,-391.11
8146,-551.11
8147,-613.33
8148,-835.56
8150,-871.11
8151,-773.33
8152,-444.44
8154,-257.78
8155,-302.22
8156,-168.89
8157,-533.33
8158,-657.78
8159,-897.78
8161,-773.33
8162,-560.00
8163,-124.44
8164,-124.44
8165,-231.11
8166,-488.89
8168,-604.44
8169,-773.33
8170,-853.33
8171,-675.56
8172,-337.78
8173,-177.78
8175,-391.11
8176,-533.33
8177,-640.00
8178,-728.89
8179,-986.67
8180,-817.78
8181,-604.44
8183,-311.11
8184,-391.11
8185,-426.67
8186,-604.44
8187,-622.22
8188,-968.89
8190,-968.89
8192,-826.67
8193,-373.33
8194,-293.33
8195,-257.78
8196,-382.22
8198,-648.89
8199,-977.78
8200,-1048.89
8201,-835.56
8202,-453.33
8203,-195.56
8205,-328.89
8206,-497.78
8207,-702.22
8208,-880.00
8209,-968.89
8210,-826.67
8212,-471.11
8213,-302.22
8214,-293.33
8215,-497.78
8216,-515.56
8217,-675.56
8219,-746.67
8220,-915.56
8221,-720.00
8222,-444.44
8223,-275.56
8224,-373.33
8226,-417.78
8227,-631.11
8228,-720.00
8229,-1013.33
8230,-897.78
8231,-640.00
8233,-248.89
8235,-328.89
8236,-311.11
8237,-702.22
8238,-791.11
8239,-1075.56
8241,-942.22
8242,-631.11
8243,-195.56
8244,-266.67
8245,-355.56
8246,-640.00
8248,-693.33
8249,-951.11
8250,-1013.33
8251,-720.00
8252,-328.89
8254,-328.89
8255,-480.00
8256,-551.11
8257,-693.33
8258,-791.11
8259,-1031.11
8261,-880.00
8262,-560.00
8263,-302.22
8264,-382.22
8265,-435.56
8266,-568.89
8268,-737.78
8269,-968.89
8270,-888.89
8271,-622.22
8272,-320.00
8273,-195.56
8275,-248.89
8276,-408.89
8278,-622.22
8279,-853.33
8280,-844.44
8281,-631.11
8283,-293.33
8284,-71.11
8285,-275.56
8286,-311.11
8287,-568.89
8288,-666.67
8289,-808.89
8291,-728.89
8292,-542.22
8293,-266.67
8294,-231.11
8295,-453.33
8296,-471.11
8298,-648.89
8299,-808.89
8300,-1004.44
8301,-737.78
8302,-373.33
8303,-266.67
8305,-391.11
8306,-506.67
8307,-595.56
8308,-755.56
8309,-968.89
8310,-835.56
8312,-551.11
8313,-284.44
8314,-320.00
8315,-248.89
8316,-568.89
8317,-684.44
8320,-960.00
8321,-817.78
8322,-631.11
8323,-240.00
8324,-240.00
8325,-320.00
8327,-542.22
8328,-631.11
8329,-906.67
8330,-888.89
8331,-711.11
8332,-364.44
8333,-275.56
8335,-337.78
8336,-506.67
8337,-613.33
8338,-693.33
8339,-897.78
8340,-897.78
8342,-693.33
8343,-328.89
8344,-311.11
8345,-391.11
8346,-586.67
8347,-693.33
8349,-915.56
8350,-1013.33
8351,-826.67
8352,-524.44
8353,-346.67
8354,-355.56
8356,-453.33
8357,-675.56
8358,-906.67
8359,-1120.00
8360,-942.22
8363,-533.33
8364,-293.33
8365,-355.56
8366,-453.33
8367,-693.33
8368,-817.78
8370,-1040.00
8371,-986.67
8372,-568.89
8373,-346.67
8374,-275.56
8375,-524.44
8377,-533.33
8378,-826.67
8379,-924.44
8380,-1048.89
8381,-666.67
8382,-391.11
8384,-266.67
8385,-400.00
8386,-471.11
8387,-675.56
8388,-773.33
8389,-977.78
8391,-808.89
8392,-524.44
8393,-204.44
8394,-311.11
8395,-186.67
8396,-542.22
8398,-640.00
8399,-951.11
8400,-782.22
8401,-613.33
8402,-168.89
8403,-160.00
8406,-213.33
8407,-453.33
8408,-586.67
8409,-844.44
8410,-888.89
8411,-666.67
8413,-293.33
8414,-195.56
8415,-293.33
8416,-480.00
8417,-622.22
8418,-764.44
8419,-924.44
8421,-880.00
8422,-560.00
8423,-231.11
8424,-328.89
8425,-408.89
8426,-568.89
8428,-631.11