0,0.00
0,-8.89
1,0.00
1,0.00
2,-8.89
2,0.00
3,0.00
4,0.00
4,-8.89
5,-8.89
5,0.00
6,0.00
6,-8.89
7,-8.89
7,0.00
8,-8.89
8,0.00
9,0.00
9,0.00
10,-8.89
11,-8.89
11,0.00
12,0.00
12,0.00
13,0.00
13,0.00
14,0.00
15,-8.89
15,0.00
16,0.00
16,0.00
17,-8.89
18,-8.89
19,0.00
19,-8.89
20,0.00
21,0.00
22,-8.89
23,0.00
23,0.00
24,0.00
25,-8.89
26,-8.89
26,0.00
27,0.00
28,0.00
29,0.00
29,0.00
30,0.00
31,-8.89
32,-8.89
33,0.00
33,0.00
34,0.00
35,0.00
36,0.00
36,0.00
37,0.00
38,-8.89
39,-8.89
39,-8.89
40,0.00
41,0.00
43,0.00
44,0.00
44,0.00
45,0.00
46,8.89
47,0.00
47,-8.89
48,0.00
49,-8.89
50,0.00
50,-8.89
51,0.00
52,-8.89
53,0.00
54,0.00
54,0.00
55,0.00
56,0.00
57,0.00
57,0.00
58,-8.89
59,-8.89
60,0.00
61,0.00
61,0.00
62,0.00
63,0.00
63,0.00
64,0.00
65,0.00
66,0.00
66,0.00
67,0.00
68,0.00
69,0.00
69,0.00
70,0.00
71,0.00
72,0.00
72,0.00
73,0.00
74,0.00
75,-8.89
76,0.00
76,0.00
77,0.00
78,0.00
79,0.00
79,-8.89
80,0.00
81,0.00
82,-8.89
82,0.00
83,0.00
84,8.89
86,0.00
86,-8.89
87,0.00
88,0.00
89,0.00
89,0.00
90,0.00
91,0.00
92,-8.89
93,0.00
93,0.00
94,0.00
95,-8.89
96,0.00
96,0.00
97,0.00
98,0.00
99,0.00
99,0.00
100,0.00
101,0.00
102,0.00
103,0.00
103,0.00
104,0.00
105,0.00
106,-8.89
107,0.00
108,0.00
108,0.00
109,0.00
110,8.89
111,0.00
112,0.00
113,8.89
113,-8.89
114,-8.89
115,0.00
116,0.00
117,0.00
118,0.00
119,0.00
119,0.00
120,0.00
121,-8.89
122,-8.89
123,0.00
124,-8.89
125,-8.89
126,0.00
126,0.00
128,-8.89
129,8.89
130,0.00
131,-8.89
132,0.00
133,0.00
133,0.00
134,-8.89
135,-8.89
136,0.00
137,-8.89
138,0.00
139,0.00
139,-8.89
140,0.00
141,0.00
142,0.00
143,0.00
144,0.00
145,0.00
145,0.00
146,0.00
147,0.00
148,-8.89
149,-8.89
150,0.00
150,0.00
151,0.00
152,-8.89
153,-8.89
154,0.00
155,0.00
156,0.00
156,0.00
157,0.00
158,0.00
159,-8.89
160,0.00
161,0.00
162,0.00
162,0.00
163,0.00
164,8.89
165,0.00
166,0.00
167,0.00
167,0.00
168,0.00
169,-8.89
171,0.00
172,-8.89
173,0.00
173,0.00
174,-8.89
175,0.00
176,0.00
177,0.00
178,8.89
179,0.00
179,0.00
180,-8.89
181,0.00
182,0.00
183,0.00
184,0.00
184,0.00
185,0.00
186,0.00
187,0.00
188,0.00
189,0.00
189,0.00
190,8.89
191,0.00
192,0.00
193,0.00
194,0.00
194,8.89
195,0.00
196,0.00
197,-8.89
198,-8.89
199,0.00
200,-8.89
200,0.00
201,0.00
202,0.00
203,0.00
204,-8.89
205,0.00
206,0.00
206,0.00
207,0.00
208,0.00
209,0.00
210,-8.89
211,-8.89
212,0.00
212,-8.89
214,-8.89
215,0.00
216,0.00
217,-8.89
218,0.00
219,0.00
219,-8.89
220,-8.89
221,0.00
222,0.00
223,0.00
224,-8.89
225,-8.89
226,0.00
226,0.00
227,-8.89
228,0.00
229,0.00
230,-8.89
231,0.00
232,0.00
232,0.00
233,0.00
234,0.00
235,0.00
236,0.00
236,0.00
237,0.00
238,0.00
239,0.00
240,0.00
241,0.00
241,0.00
242,0.00
243,0.00
244,-8.89
245,8.89
246,0.00
247,0.00
247,8.89
248,0.00
249,0.00
250,0.00
251,0.00
252,0.00
252,0.00
253,0.00
254,0.00
256,-8.89
257,0.00
258,0.00
258,0.00
259,-8.89
260,0.00
261,0.00
262,0.00
263,8.89
263,-8.89
264,-8.89
265,0.00
266,0.00
267,0.00
268,0.00
269,0.00
269,0.00
270,0.00
271,0.00
272,0.00
273,0.00
274,-8.89
275,0.00
275,0.00
276,0.00
277,0.00
278,-8.89
279,-8.89
280,-8.89
281,0.00
281,0.00
282,-8.89
283,0.00
284,-8.89
285,0.00
286,0.00
287,0.00
287,0.00
288,0.00
289,0.00
290,-8.89
291,-8.89
292,0.00
293,0.00
293,0.00
294,-8.89
295,-8.89
296,0.00
297,0.00
299,0.00
300,0.00
300,-8.89
301,-8.89
302,0.00
303,0.00
304,8.89
305,0.00
305,-8.89
306,0.00
307,-8.89
308,0.00
309,0.00
310,8.89
311,0.00
311,-8.89
312,0.00
313,0.00
314,0.00
315,0.00
316,-8.89
317,-8.89
318,0.00
318,-8.89
319,-8.89
320,0.00
321,0.00
322,0.00
323,0.00
323,-8.89
324,0.00
325,0.00
326,0.00
327,0.00
328,0.00
329,0.00
329,-8.89
330,-8.89
331,0.00
332,8.89
333,-8.89
334,-8.89
335,0.00
336,0.00
336,8.89
337,-8.89
338,0.00
339,-8.89
340,-8.89
342,-8.89
343,-8.89
344,0.00
344,0.00
345,0.00
346,0.00
347,8.89
348,-8.89
349,0.00
349,0.00
350,-8.89
351,-8.89
352,0.00
353,0.00
354,0.00
355,0.00
355,0.00
356,0.00
357,8.89
358,-8.89
359,-8.89
360,0.00
361,-8.89
362,0.00
362,-8.89
363,8.89
364,0.00
365,-8.89
366,-8.89
367,0.00
368,0.00
368,-8.89
369,-8.89
370,-8.89
371,0.00
372,0.00
373,0.00
374,-8.89
375,0.00
375,0.00
376,0.00
377,0.00
378,0.00
379,0.00
380,0.00
380,0.00
381,0.00
382,0.00
384,-8.89
385,-8.89
386,-8.89
387,0.00
387,0.00
388,0.00
389,-8.89
390,0.00
391,0.00
392,0.00
392,0.00
393,-8.89
394,0.00
395,-8.89
396,0.00
397,0.00
398,0.00
398,-8.89
399,0.00
400,0.00
401,0.00
402,-8.89
403,0.00
404,-8.89
405,0.00
405,0.00
406,0.00
407,0.00
408,0.00
409,-8.89
410,0.00
410,0.00
411,-8.89
412,0.00
413,0.00
414,-8.89
415,0.00
416,-8.89
416,-8.89
417,-8.89
418,0.00
419,0.00
420,0.00
421,0.00
422,0.00
422,-8.89
423,0.00
424,0.00
425,8.89
427,0.00
428,0.00
429,-8.89
429,0.00
430,0.00
431,0.00
432,-8.89
433,-8.89
434,0.00
435,0.00
435,-8.89
436,0.00
437,0.00
438,0.00
439,0.00
440,-8.89
441,0.00
441,0.00
442,0.00
443,0.00
444,-8.89
445,0.00
446,0.00
446,0.00
447,0.00
448,0.00
449,-8.89
450,-8.89
451,-8.89
452,0.00
452,8.89
453,8.89
454,8.89
455,0.00
456,-8.89
457,-8.89
458,0.00
458,0.00
459,0.00
460,0.00
461,0.00
462,0.00
463,0.00
463,0.00
464,0.00
465,-8.89
466,0.00
467,0.00
468,0.00
470,0.00
470,0.00
471,0.00
472,0.00
473,0.00
474,0.00
475,-8.89
475,-8.89
476,-8.89
477,0.00
478,0.00
479,0.00
480,-8.89
481,0.00
481,0.00
482,-8.89
483,0.00
484,-8.89
485,0.00
486,8.89
487,0.00
487,8.89
488,0.00
489,-8.89
490,0.00
491,0.00
492,0.00
493,-8.89
493,0.00
494,0.00
495,0.00
496,0.00
497,0.00
498,0.00
498,-8.89
499,-8.89
500,8.89
501,0.00
502,0.00
503,-8.89
504,0.00
504,0.00
505,-8.89
506,-8.89
507,-8.89
508,8.89
509,-8.89
510,-8.89
512,0.00
513,0.00
513,-8.89
514,8.89
515,0.00
516,-8.89
517,0.00
518,0.00
518,0.00
519,-8.89
520,-8.89
521,0.00
522,0.00
523,0.00
524,0.00
524,0.00
525,0.00
526,0.00
527,0.00
528,0.00
529,0.00
529,8.89
530,0.00
531,0.00
532,0.00
533,0.00
534,-8.89
535,0.00
535,0.00
536,0.00
537,0.00
538,0.00
539,0.00
539,-8.89
540,0.00
541,0.00
542,-8.89
543,0.00
544,0.00
545,0.00
545,-8.89
546,-8.89
547,0.00
548,-8.89
549,0.00
550,0.00
551,0.00
552,0.00
552,0.00
553,0.00
555,0.00
556,-8.89
557,-8.89
558,0.00
559,0.00
559,0.00
560,0.00
561,0.00
562,-8.89
563,8.89
564,-8.89
564,-8.89
565,-8.89
566,0.00
567,8.89
568,8.89
569,0.00
570,0.00
570,0.00
571,0.00
572,-8.89
573,-8.89
574,0.00
575,0.00
576,0.00
576,-8.89
577,-8.89
578,0.00
579,0.00
580,0.00
581,0.00
582,8.89
582,-8.89
583,-8.89
584,-8.89
585,0.00
586,8.89
587,8.89
588,-8.89
589,0.00
589,0.00
590,-8.89
591,-8.89
592,0.00
593,8.89
594,8.89
595,0.00
595,0.00
596,-8.89
598,0.00
599,0.00
600,0.00
601,-8.89
602,-8.89
602,0.00
603,0.00
604,0.00
605,0.00
606,0.00
607,0.00
607,0.00
608,-8.89
609,0.00
610,-8.89
611,-8.89
612,0.00
613,0.00
613,8.89
614,0.00
615,0.00
616,-8.89
617,0.00
618,0.00
619,8.89
619,0.00
620,0.00
621,-8.89
622,-8.89
623,-8.89
624,0.00
625,0.00
625,0.00
626,0.00
627,0.00
628,0.00
629,0.00
630,0.00
630,-8.89
631,-8.89
632,-8.89
633,-8.89
634,0.00
635,0.00
636,8.89
637,0.00
637,0.00
638,0.00
640,0.00
641,0.00
642,8.89
643,0.00
643,0.00
644,-8.89
645,0.00
646,-8.89
647,-8.89
648,0.00
649,-8.89
649,-8.89
650,0.00
651,-8.89
652,0.00
653,0.00
654,0.00
655,0.00
655,-8.89
656,-8.89
657,0.00
658,0.00
659,0.00
660,-8.89
661,0.00
662,-8.89
662,0.00
663,-8.89
664,0.00
665,0.00
666,0.00
667,0.00
668,0.00
668,0.00
669,8.89
670,0.00
671,0.00
672,0.00
672,0.00
673,-8.89
674,-8.89
675,0.00
676,0.00
677,0.00
678,-8.89
679,0.00
679,0.00
680,0.00
681,-8.89
683,0.00
684,-8.89
685,0.00
686,0.00
686,0.00
687,0.00
688,0.00
689,0.00
690,-8.89
691,0.00
691,-8.89
692,0.00
693,-8.89
694,-8.89
695,0.00
696,0.00
697,-17.78
698,-8.89
699,0.00
699,0.00
700,0.00
701,8.89
702,0.00
703,0.00
704,-8.89
704,0.00
705,0.00
706,0.00
707,-8.89
708,-8.89
709,-8.89
710,0.00
711,0.00
711,-8.89
712,0.00
713,0.00
714,0.00
715,0.00
716,-8.89
716,8.89
717,-8.89
718,0.00
719,-8.89
720,0.00
721,0.00
722,0.00
722,0.00
723,0.00
724,0.00
726,0.00
727,0.00
728,-8.89
729,0.00
729,-8.89
730,0.00
731,-8.89
732,0.00
733,0.00
734,0.00
735,0.00
735,0.00
736,0.00
737,0.00
738,-8.89
739,0.00
740,0.00
740,-8.89
741,-8.89
742,-8.89
743,0.00
744,0.00
745,0.00
746,-8.89
747,0.00
747,0.00
748,0.00
749,0.00
750,0.00
751,0.00
752,0.00
752,0.00
753,-8.89
754,0.00
755,0.00
756,-8.89
757,0.00
757,-8.89
758,0.00
759,-8.89
760,0.00
761,0.00
762,0.00
763,0.00
763,0.00
764,-8.89
765,-8.89
766,-8.89
768,-8.89
769,-8.89
770,-8.89
771,-8.89
772,0.00
773,0.00
773,0.00
774,0.00
775,0.00
776,0.00
777,-8.89
778,0.00
778,0.00
779,0.00
780,8.89
781,0.00
782,-8.89
783,0.00
783,-8.89
784,-8.89
785,0.00
786,8.89
787,8.89
788,0.00
789,0.00
789,0.00
790,0.00
791,0.00
792,-8.89
793,0.00
794,0.00
795,0.00
795,8.89
796,0.00
797,0.00
798,-8.89
799,-8.89
800,-8.89
801,0.00
801,-8.89
802,0.00
803,-8.89
804,-8.89
805,-8.89
806,0.00
807,-8.89
808,0.00
808,0.00
809,0.00
811,-8.89
812,0.00
813,0.00
814,0.00
815,0.00
815,8.89
816,-8.89
817,-8.89
818,-8.89
819,0.00
820,0.00
821,0.00
821,0.00
822,0.00
823,0.00
824,0.00
825,0.00
826,-8.89
826,-8.89
827,-8.89
828,0.00
829,0.00
830,0.00
831,0.00
832,0.00
832,0.00
833,-8.89
834,-8.89
835,-8.89
836,0.00
837,0.00
838,0.00
839,0.00
839,0.00
840,0.00
841,-8.89
842,0.00
843,0.00
844,0.00
844,0.00
845,0.00
846,-8.89
847,0.00
848,-8.89
849,0.00
850,-8.89
850,-8.89
851,0.00
852,0.00
854,0.00
855,0.00
856,0.00
857,-8.89
857,-8.89
858,-8.89
859,0.00
860,0.00
861,0.00
862,0.00
863,0.00
863,-8.89
864,0.00
865,0.00
866,0.00
867,8.89
868,0.00
868,0.00
869,0.00
870,-8.89
871,8.89
872,8.89
873,0.00
874,0.00
874,-8.89
875,0.00
876,0.00
877,0.00
878,-8.89
879,0.00
880,0.00
880,0.00
881,0.00
882,0.00
883,0.00
884,0.00
885,0.00
885,0.00
886,-8.89
887,0.00
888,0.00
889,0.00
890,-8.89
890,0.00
891,-8.89
892,0.00
893,0.00
894,8.89
896,-8.89
897,0.00
897,0.00
898,0.00
899,-8.89
900,0.00
901,0.00
902,0.00
903,0.00
903,0.00
904,0.00
905,0.00
906,0.00
907,8.89
908,0.00
908,0.00
909,0.00
910,0.00
911,0.00
912,0.00
912,0.00
913,0.00
914,-8.89
915,-8.89
916,-8.89
917,0.00
918,8.89
919,0.00
919,0.00
920,8.89
921,0.00
922,0.00
923,0.00
924,0.00
924,0.00
925,0.00
926,0.00
927,0.00
928,0.00
929,0.00
929,0.00
930,0.00
931,-8.89
932,-8.89
933,-8.89
934,0.00
935,8.89
935,0.00
936,-8.89
937,0.00
939,0.00
940,-8.89
941,-8.89
942,-8.89
943,-8.89
943,0.00
944,0.00
945,0.00
946,-8.89
947,0.00
948,-8.89
949,0.00
949,0.00
950,0.00
951,-8.89
952,0.00
953,0.00
954,-8.89
955,0.00
955,-8.89
956,-8.89
957,0.00
958,0.00
959,0.00
960,0.00
961,8.89
961,0.00
962,0.00
963,0.00
964,0.00
965,0.00
966,0.00
966,-8.89
967,0.00
968,-8.89
969,0.00
970,0.00
971,0.00
972,0.00
972,0.00
973,0.00
974,-8.89
975,0.00
976,0.00
977,0.00
977,0.00
978,0.00
979,-8.89
980,-8.89
982,0.00
983,0.00
984,0.00
984,0.00
985,0.00
986,0.00
987,0.00
988,8.89
989,0.00
989,8.89
990,0.00
991,0.00
992,-8.89
993,-8.89
994,-8.89
995,0.00
995,0.00
996,0.00
997,8.89
998,-8.89
999,0.00
1000,0.00
1001,-8.89
1002,0.00
1002,0.00
1003,0.00
1004,8.89
1005,0.00
1006,0.00
1007,-8.89
1008,0.00
1009,-8.89
1010,0.00
1011,-8.89
1012,8.89
1013,0.00
1014,0.00
1015,0.00
1016,0.00
1016,0.00
1017,-8.89
1018,-8.89
1019,0.00
1020,0.00
1021,-8.89
1022,0.00
1024,-8.89
1025,0.00
1026,0.00
1027,0.00
1028,-8.89
1029,0.00
1030,0.00
1031,0.00
1032,0.00
1032,-8.89
1033,-8.89
1034,0.00
1035,0.00
1036,0.00
1037,-8.89
1038,0.00
1039,-8.89
1040,-8.89
1041,0.00
1042,-8.89
1043,0.00
1044,0.00
1045,0.00
1046,0.00
1047,-8.89
1048,-8.89
1049,0.00
1050,8.89
1050,0.00
1051,0.00
1052,0.00
1053,0.00
1054,0.00
1055,-8.89
1056,0.00
1057,0.00
1058,-8.89
1059,0.00
1060,0.00
1061,0.00
1062,0.00
1062,0.00
1063,0.00
1064,-8.89
1065,8.89
1067,-8.89
1068,0.00
1069,0.00
1070,0.00
1071,0.00
1072,-8.89
1073,-8.89
1074,0.00
1075,-8.89
1076,0.00
1077,8.89
1078,-8.89
1079,0.00
1080,0.00
1080,8.89
1081,0.00
1082,0.00
1083,0.00
1084,-8.89
1085,0.00
1086,-8.89
1087,0.00
1088,0.00
1089,-8.89
1090,-8.89
1091,0.00
1092,0.00
1093,-8.89
1094,-8.89
1095,0.00
1096,-8.89
1097,-8.89
1098,0.00
1098,0.00
1099,0.00
1100,0.00
1101,0.00
1102,-8.89
1103,-8.89
1104,0.00
1105,0.00
1106,-8.89
1107,0.00
1108,0.00
1110,0.00
1111,8.89
1112,0.00
1112,-8.89
1113,0.00
1114,0.00
1115,0.00
1116,-8.89
1117,0.00
1118,0.00
1119,8.89
1120,0.00
1121,0.00
1122,-8.89
1123,-8.89
1124,0.00
1125,0.00
1126,0.00
1127,0.00
1127,0.00
1128,0.00
1129,0.00
1130,-8.89
1131,0.00
1132,-8.89
1133,0.00
1134,-8.89
1135,8.89
1136,0.00
1137,0.00
1138,8.89
1139,0.00
1140,-8.89
1141,-8.89
1142,0.00
1142,0.00
1143,0.00
1144,0.00
1145,-8.89
1146,0.00
1147,-8.89
1148,0.00
1149,0.00
1150,0.00
1152,0.00
1153,-8.89
1154,-8.89
1155,0.00
1156,0.00
1157,0.00
1157,-8.89
1158,-8.89
1159,-8.89
1160,-8.89
1161,0.00
1162,0.00
1163,8.89
1164,0.00
1165,-8.89
1166,-8.89
1167,-8.89
1168,0.00
1169,0.00
1170,0.00
1171,0.00
1172,-8.89
1173,0.00
1174,-8.89
1175,-8.89
1176,0.00
1177,0.00
1177,0.00
1178,0.00
1179,0.00
1180,0.00
1181,-8.89
1182,-8.89
1183,0.00
1184,0.00
1185,0.00
1186,8.89
1187,0.00
1188,0.00
1189,0.00
1190,0.00
1190,0.00
1191,0.00
1192,0.00
1193,0.00
1195,0.00
1196,0.00
1197,-8.89
1198,0.00
1199,0.00
1200,0.00
1201,-8.89
1202,0.00
1203,0.00
1203,-8.89
1204,0.00
1205,-8.89
1206,-8.89
1207,0.00
1208,8.89
1209,8.89
1210,-8.89
1211,0.00
1212,-8.89
1213,-8.89
1214,0.00
1215,0.00
1216,0.00
1217,-8.89
1218,0.00
1219,-8.89
1220,0.00
1221,-8.89
1222,0.00
1222,-8.89
1223,0.00
1224,0.00
1225,-8.89
1226,0.00
1227,0.00
1228,0.00
1229,0.00
1230,-8.89
1231,-8.89
1232,-8.89
1233,0.00
1234,0.00
1235,0.00
1236,0.00
1238,0.00
1238,-8.89
1239,0.00
1240,0.00
1241,-8.89
1242,0.00
1243,-8.89
1244,0.00
1245,0.00
1246,0.00
1247,0.00
1248,0.00
1249,-8.89
1250,-8.89
1251,-8.89
1252,0.00
1253,0.00
1254,0.00
1255,0.00
1255,0.00
1256,-8.89
1257,-8.89
1258,8.89
1259,0.00
1260,0.00
1261,0.00
1262,0.00
1263,-8.89
1264,-8.89
1265,0.00
1266,-8.89
1267,0.00
1268,0.00
1269,0.00
1270,0.00
1270,0.00
1271,8.89
1272,8.89
1273,0.00
1274,0.00
1275,0.00
1276,0.00
1277,-8.89
1278,8.89
1280,-8.89
1281,0.00
1282,0.00
1283,-8.89
1284,0.00
1284,0.00
1285,0.00
1286,-8.89
1287,0.00
1288,8.89
1289,0.00
1290,-8.89
1291,0.00
1292,0.00
1293,-8.89
1294,-8.89
1295,-8.89
1296,0.00
1297,0.00
1298,-8.89
1299,-8.89
1300,-8.89
1301,0.00
1302,0.00
1302,0.00
1303,0.00
1304,0.00
1305,0.00
1306,-8.89
1307,0.00
1308,0.00
1309,-8.89
1310,0.00
1311,8.89
1312,-8.89
1313,0.00
1314,-8.89
1315,-8.89
1316,0.00
1317,-8.89
1318,-8.89
1319,-8.89
1320,0.00
1320,0.00
1321,0.00
1323,0.00
1324,0.00
1325,8.89
1326,0.00
1327,0.00
1328,0.00
1329,0.00
1330,0.00
1331,0.00
1332,0.00
1332,-8.89
1333,0.00
1334,0.00
1335,0.00
1336,0.00
1337,-8.89
1338,-8.89
1339,-8.89
1340,0.00
1341,0.00
1342,0.00
1343,0.00
1344,-8.89
1345,-8.89
1346,0.00
1347,0.00
1348,-8.89
1349,0.00
1349,0.00
1350,0.00
1351,0.00
1352,0.00
1353,0.00
1354,8.89
1355,0.00
1356,0.00
1357,0.00
1358,0.00
1359,0.00
1360,-8.89
1361,0.00
1361,0.00
1362,0.00
1363,0.00
1364,0.00
1366,0.00
1367,0.00
1368,-8.89
1369,-8.89
1370,-8.89
1371,0.00
1372,0.00
1373,-8.89
1374,0.00
1375,0.00
1376,0.00
1376,0.00
1377,8.89
1378,0.00
1379,0.00
1380,0.00
1381,-8.89
1382,0.00
1383,-8.89
1384,0.00
1385,-8.89
1386,0.00
1387,0.00
1388,8.89
1389,0.00
1389,0.00
1390,0.00
1391,0.00
1392,-8.89
1393,0.00
1394,0.00
1395,8.89
1396,0.00
1397,0.00
1398,0.00
1399,0.00
1400,-8.89
1401,0.00
1402,0.00
1402,0.00
1403,0.00
1404,8.89
1405,0.00
1406,0.00
1408,0.00
1409,0.00
1410,-8.89
1411,-8.89
1412,0.00
1413,0.00
1414,-8.89
1415,-8.89
1416,0.00
1417,0.00
1417,0.00
1418,0.00
1419,0.00
1420,0.00
1421,0.00
1422,0.00
1423,0.00
1424,0.00
1425,0.00
1426,0.00
1427,8.89
1428,0.00
1428,0.00
1429,-8.89
1430,0.00
1431,-8.89
1432,0.00
1433,8.89
1434,0.00
1435,8.89
1436,0.00
1437,-8.89
1438,0.00
1439,-8.89
1440,-8.89
1441,0.00
1442,0.00
1443,-8.89
1444,-8.89
1445,0.00
1445,0.00
1446,0.00
1447,0.00
1448,-8.89
1449,0.00
1451,0.00
1452,0.00
1453,0.00
1454,-8.89
1455,0.00
1456,-8.89
1457,0.00
1458,0.00
1459,0.00
1459,0.00
1460,0.00
1461,0.00
1462,0.00
1463,-8.89
1464,-8.89
1465,-8.89
1466,0.00
1467,-8.89
1468,-8.89
1469,0.00
1470,0.00
1471,0.00
1472,0.00
1473,-8.89
1474,0.00
1475,-8.89
1476,0.00
1476,0.00
1477,0.00
1478,0.00
1479,0.00
1480,0.00
1481,0.00
1482,0.00
1483,0.00
1484,0.00
1485,0.00
1486,0.00
1487,0.00
1487,0.00
1488,8.89
1489,-8.89
1490,0.00
1491,-8.89
1492,0.00
1494,-8.89
1495,-8.89
1496,0.00
1497,0.00
1498,0.00
1499,-8.89
1500,0.00
1501,0.00
1502,-8.89
1503,8.89
1504,0.00
1504,0.00
1505,0.00
1506,-8.89
1507,0.00
1508,-8.89
1509,-8.89
1510,0.00
1511,8.89
1512,0.00
1513,0.00
1514,0.00
1515,0.00
1516,0.00
1517,-8.89
1518,0.00
1519,0.00
1519,0.00
1520,-8.89
1521,0.00
1522,0.00
1523,0.00
1524,-8.89
1525,-8.89
1526,0.00
1527,0.00
1528,0.00
1529,0.00
1530,0.00
1531,-8.89
1532,0.00
1533,0.00
1533,-8.89
1534,0.00
1536,-8.89
1537,0.00
1538,0.00
1539,-8.89
1540,0.00
1541,0.00
1542,-8.89
1543,-8.89
1544,0.00
1545,8.89
1546,0.00
1547,-8.89
1548,-8.89
1549,-8.89
1550,0.00
1551,0.00
1552,0.00
1552,0.00
1553,-8.89
1554,0.00
1555,0.00
1556,-8.89
1557,-8.89
1558,0.00
1559,0.00
1560,-8.89
1561,8.89
1562,8.89
1563,0.00
1564,-8.89
1565,0.00
1566,0.00
1567,0.00
1567,0.00
1568,0.00
1569,-8.89
1570,0.00
1571,0.00
1572,0.00
1573,-8.89
1574,-8.89
1575,0.00
1576,0.00
1577,8.89
1579,0.00
1580,0.00
1581,0.00
1582,0.00
1582,0.00
1583,0.00
1584,0.00
1585,0.00
1586,0.00
1587,0.00
1588,0.00
1589,0.00
1590,0.00
1591,-8.89
1592,0.00
1593,0.00
1593,-8.89
1594,0.00
1595,0.00
1596,0.00
1597,0.00
1598,0.00
1599,0.00
1600,0.00
1601,0.00
1602,0.00
1603,0.00
1604,0.00
1605,0.00
1605,0.00
1606,8.89
1607,-8.89
1608,0.00
1609,0.00
1610,0.00
1611,-8.89
1612,-8.89
1613,-8.89
1614,-8.89
1615,-8.89
1616,-8.89
1617,0.00
1618,0.00
1619,0.00
1620,0.00
1622,0.00
1623,0.00
1623,-8.89
1624,-8.89
1625,0.00
1626,0.00
1627,0.00
1628,0.00
1629,-8.89
1630,0.00
1631,0.00
1632,0.00
1633,0.00
1634,0.00
1635,0.00
1636,-8.89
1637,0.00
1637,0.00
1638,0.00
1639,0.00
1640,-8.89
1641,-8.89
1642,-8.89
1643,0.00
1644,0.00
1645,-8.89
1646,0.00
1647,8.89
1648,0.00
1649,0.00
1650,0.00
1651,0.00
1651,8.89
1652,0.00
1653,-8.89
1654,0.00
1655,0.00
1656,-8.89
1657,-8.89
1658,0.00
1659,8.89
1660,0.00
1661,0.00
1662,0.00
1664,-8.89
1665,0.00
1666,-8.89
1667,0.00
1668,0.00
1668,0.00
1669,8.89
1670,0.00
1671,0.00
1672,0.00
1673,0.00
1674,0.00
1675,8.89
1676,0.00
1677,0.00
1678,0.00
1678,0.00
1679,0.00
1680,0.00
1681,0.00
1682,-8.89
1683,0.00
1684,0.00
1685,8.89
1686,0.00
1687,0.00
1688,0.00
1689,0.00
1690,0.00
1690,0.00
1691,0.00
1692,0.00
1693,0.00
1694,0.00
1695,-8.89
1696,0.00
1697,0.00
1698,-8.89
1699,-8.89
1700,-8.89
1701,0.00
1702,8.89
1703,0.00
1704,0.00
1704,-8.89
1705,0.00
1707,0.00
1708,0.00
1709,0.00
1710,-8.89
1711,0.00
1712,8.89
1713,0.00
1714,0.00
1715,0.00
1716,8.89
1717,0.00
1717,0.00
1718,0.00
1719,0.00
1720,0.00
1721,0.00
1722,-8.89
1723,0.00
1724,8.89
1725,0.00
1726,0.00
1727,8.89
1728,0.00
1729,0.00
1729,-8.89
1730,0.00
1731,0.00
1732,-8.89
1733,0.00
1734,-8.89
1735,0.00
1736,0.00
1737,0.00
1738,0.00
1739,0.00
1740,0.00
1741,0.00
1742,0.00
1742,0.00
1743,8.89
1744,0.00
1745,-8.89
1746,0.00
1747,0.00
1748,0.00
1750,0.00
1751,0.00
1752,8.89
1753,0.00
1754,0.00
1755,0.00
1755,0.00
1756,0.00
1757,0.00
1758,0.00
1759,-8.89
1760,0.00
1761,0.00
1762,0.00
1763,0.00
1764,0.00
1765,0.00
1766,-8.89
1767,-8.89
1768,0.00
1768,0.00
1769,0.00
1770,0.00
1771,0.00
1772,0.00
1773,0.00
1774,0.00
1775,0.00
1776,0.00
1777,0.00
1778,0.00
1779,0.00
1779,0.00
1780,-8.89
1781,-8.89
1782,0.00
1783,-8.89
1784,-8.89
1785,-8.89
1786,8.89
1787,0.00
1788,0.00
1789,-8.89
1790,0.00
1792,0.00
1793,0.00
1794,8.89
1795,0.00
1796,0.00
1796,0.00
1797,0.00
1798,0.00
1799,0.00
1800,0.00
1801,-8.89
1802,0.00
1803,0.00
1804,0.00
1805,-8.89
1806,-8.89
1807,8.89
1808,-8.89
1809,0.00
1810,0.00
1810,0.00
1811,0.00
1812,-8.89
1813,0.00
1814,0.00
1815,0.00
1816,0.00
1817,0.00
1818,-8.89
1819,0.00
1820,-8.89
1821,0.00
1822,-8.89
1823,-8.89
1824,-8.89
1825,0.00
1826,0.00
1826,0.00
1827,0.00
1828,-8.89
1829,-8.89
1830,0.00
1831,-8.89
1832,0.00
1833,-8.89
1835,8.89
1836,0.00
1837,0.00
1838,0.00
1839,-8.89
1840,-8.89
1841,0.00
1842,-8.89
1843,-8.89
1844,0.00
1845,0.00
1845,-8.89
1846,-8.89
1847,-8.89
1848,0.00
1849,0.00
1850,0.00
1851,-8.89
1852,0.00
1853,0.00
1854,0.00
1855,0.00
1856,0.00
1857,-8.89
1858,0.00
1859,0.00
1860,0.00
1861,0.00
1861,0.00
1862,0.00
1863,-8.89
1864,0.00
1865,-613.33
1866,1191.11
1867,-168.89
1869,400.00
1870,-222.22
1871,-26.67
1872,-80.00
1873,-222.22
1874,-168.89
1875,115.56
1876,266.67
1879,-177.78
1880,-35.56
1881,44.44
1882,186.67
1883,-8.89
1884,53.33
1885,124.44
1886,160.00
1887,-35.56
1888,17.78
1889,97.78
1890,35.56
1891,-106.67
1892,-26.67
1893,133.33
1894,-53.33
1895,-142.22
1897,-106.67
1898,-71.11
1899,-53.33
1900,-142.22
1901,-8.89
1902,-26.67
1903,-62.22
1904,-88.89
1905,-17.78
1906,53.33
1907,-8.89
1908,-17.78
1910,17.78
1910,44.44
1911,44.44
1912,-17.78
1914,0.00
1914,35.56
1915,35.56
1916,8.89
1917,-17.78
1918,35.56
1920,-8.89
1921,-17.78
1923,-26.67
1924,-62.22
1925,-44.44
1926,-26.67
1927,-53.33
1928,-44.44
1929,-35.56
1930,0.00
1931,-35.56
1932,8.89
1933,-17.78
1934,8.89
1935,8.89
1936,8.89
1937,8.89
1938,26.67
1939,26.67
1940,35.56
1941,17.78
1942,53.33
1943,26.67
1944,44.44
1945,17.78
1946,26.67
1947,26.67
1948,8.89
1949,-8.89
1950,0.00
1951,0.00
1951,-8.89
1952,-17.78
1954,-26.67
1955,-35.56
1956,-17.78
1957,-35.56
1958,-35.56
1959,-44.44
1960,-35.56
1961,-17.78
1963,-8.89
1964,0.00
1965,0.00
1966,0.00
1967,17.78
1968,8.89
1969,26.67
1970,17.78
1971,17.78
1972,17.78
1973,8.89
1974,8.89
1975,8.89
1976,0.00
1976,8.89
1977,-17.78
1978,-8.89
1979,-8.89
1980,-8.89
1981,-35.56
1982,-26.67
1984,-26.67
1985,-26.67
1986,-26.67
1987,-26.67
1988,-26.67
1989,-17.78
1990,-17.78
1991,-8.89
1992,-8.89
1993,8.89
1994,8.89
1995,17.78
1996,17.78
1997,17.78
1998,26.67
1999,17.78
2000,26.67
2001,26.67
2002,17.78
2003,26.67
2004,8.89
2006,8.89
2007,8.89
2008,8.89
2009,0.00
2009,0.00
2010,8.89
2011,0.00
2012,-8.89
2013,-17.78
2014,-8.89
2015,-17.78
2016,-8.89
2017,-17.78
2018,-17.78
2019,-8.89
2020,-17.78
2022,8.89
2022,-17.78
2024,0.00
2024,0.00
2025,0.00
2026,8.89
2027,0.00
2028,8.89
2029,0.00
2030,8.89
2031,0.00
2032,-8.89
2033,0.00
2034,-17.78
2035,-8.89
2036,-8.89
2037,-8.89
2038,-17.78
2039,-8.89
2040,-26.67
2041,-17.78
2042,-8.89
2043,-8.89
2044,-8.89
2045,-17.78
2046,0.00
2048,-8.89
2049,0.00
2050,0.00
2051,8.89
2052,17.78
2053,17.78
2054,26.67
2055,17.78
2056,26.67
2057,17.78
2058,26.67
2059,26.67
2060,17.78
2061,17.78
2062,17.78
2063,8.89
2064,0.00
2064,0.00
2065,0.00
2066,-8.89
2067,-17.78
2068,-8.89
2069,-17.78
2070,-17.78
2072,-26.67
2073,-26.67
2074,-26.67
2075,-26.67
2076,-17.78
2077,-17.78
2078,-8.89
2079,-26.67
2080,-17.78
2081,-8.89
2082,0.00
2083,0.00
2084,0.00
2085,8.89
2086,0.00
2087,8.89
2088,8.89
2089,8.89
2089,8.89
2091,0.00
2092,0.00
2093,0.00
2094,8.89
2095,8.89
2096,0.00
2097,0.00
2098,0.00
2099,0.00
2100,-8.89
2101,0.00
2102,0.00
2102,-8.89
2103,0.00
2104,-8.89
2105,0.00
2106,-8.89
2107,0.00
2108,0.00
2109,8.89
2110,8.89
2111,8.89
2112,8.89
2113,8.89
2114,8.89
2115,8.89
2115,0.00
2116,8.89
2117,8.89
2118,17.78
2119,0.00
2120,0.00
2121,-8.89
2122,0.00
2123,-8.89
2124,-8.89
2125,-17.78
2126,-8.89
2127,-17.78
2128,-26.67
2129,-17.78
2130,-17.78
2131,-26.67
2132,-8.89
2134,0.00
2135,0.00
2136,-8.89
2137,-17.78
2138,-17.78
2139,0.00
2140,0.00
2141,0.00
2142,8.89
2143,8.89
2144,8.89
2145,8.89
2146,17.78
2147,17.78
2148,8.89
2149,8.89
2150,8.89
2150,8.89
2151,0.00
2152,8.89
2153,0.00
2154,0.00
2155,-8.89
2156,-8.89
2157,-17.78
2158,-8.89
2159,-8.89
2160,-8.89
2161,-8.89
2162,-8.89
2163,-17.78
2164,-17.78
2165,-8.89
2166,0.00
2167,0.00
2168,0.00
2169,8.89
2170,8.89
2171,8.89
2172,0.00
2173,8.89
2174,0.00
2174,0.00
2176,8.89
2177,8.89
2178,8.89
2179,0.00
2180,0.00
2181,0.00
2182,0.00
2183,8.89
2184,0.00
2185,-8.89
2186,-8.89
2187,-17.78
2188,-8.89
2189,-8.89
2190,-8.89
2191,-8.89
2192,-8.89
2193,-8.89
2194,-8.89
2195,-17.78
2196,-8.89
2197,-8.89
2198,-8.89
2199,-8.89
2200,0.00
2201,0.00
2202,0.00
2202,8.89
2203,8.89
2204,0.00
2205,0.00
2206,8.89
2207,8.89
2208,8.89
2209,8.89
2210,8.89
2211,8.89
2212,8.89
2213,8.89
2213,8.89
2214,0.00
2215,-8.89
2216,8.89
2217,0.00
2219,-8.89
2220,-8.89
2221,-8.89
2222,0.00
2223,-8.89
2224,-8.89
2225,-8.89
2226,-8.89
2227,0.00
2228,8.89
2229,8.89
2230,0.00
2231,0.00
2232,-8.89
2233,0.00
2233,0.00
2234,0.00
2235,0.00
2236,0.00
2237,0.00
2238,-8.89
2239,-8.89
2240,-8.89
2241,0.00
2242,0.00
2243,-8.89
2244,0.00
2245,0.00
2246,-17.78
2247,-951.11
2248,462.22
2249,-44.44
2250,80.00
2251,-168.89
2252,17.78
2253,35.56
2254,-71.11
2255,-62.22
2256,195.56
2257,115.56
2258,-44.44
2260,62.22
2262,97.78
2263,151.11
2264,0.00
2265,-53.33
2266,142.22
2267,115.56
2268,8.89
2269,-17.78
2270,-8.89
2271,142.22
2272,-26.67
2273,0.00
2274,-17.78
2275,44.44
2276,-26.67
2277,-88.89
2278,-53.33
2279,-44.44
2280,-80.00
2281,-106.67
2282,-35.56
2284,-17.78
2285,-53.33
2286,-53.33
2287,-26.67
2288,44.44
2289,-8.89
2290,-26.67
2291,8.89
2292,35.56
2293,26.67
2294,0.00
2295,17.78
2296,44.44
2297,35.56
2298,26.67
2299,-8.89
2300,26.67
2301,0.00
2302,0.00
2304,-8.89
2305,-35.56
2306,-35.56
2307,-35.56
2308,-53.33
2309,-35.56
2310,-35.56
2311,0.00
2312,-8.89
2313,0.00
2314,-8.89
2315,0.00
2316,26.67
2317,8.89
2318,17.78
2319,26.67
2320,35.56
2321,44.44
2322,17.78
2323,35.56
2324,35.56
2325,35.56
2326,35.56
2327,26.67
2328,26.67
2329,8.89
2330,8.89
2330,-8.89
2331,-17.78
2333,-17.78
2334,-17.78
2335,-17.78
2336,-26.67
2337,-26.67
2338,-35.56
2339,-44.44
2340,-44.44
2341,-35.56
2342,-26.67
2343,-17.78
2344,0.00
2345,-8.89
2347,-8.89
2348,8.89
2349,8.89
2350,8.89
2351,17.78
2352,17.78
2353,26.67
2354,17.78
2355,17.78
2356,8.89
2357,0.00
2358,0.00
2359,-8.89
2360,0.00
2361,-8.89
2362,-8.89
2363,-17.78
2364,-26.67
2365,-26.67
2366,-26.67
2367,-26.67
2368,-17.78
2369,-17.78
2370,-17.78
2371,-17.78
2372,-8.89
2373,0.00
2374,8.89
2375,8.89
2376,8.89
2377,26.67
2378,17.78
2379,26.67
2380,35.56
2381,17.78
2382,17.78
2383,26.67
2384,17.78
2385,17.78
2386,17.78
2387,8.89
2388,0.00
2390,0.00
2391,-8.89
2392,-8.89
2393,-8.89
2394,-8.89
2395,-17.78
2396,-17.78
2397,-17.78
2398,-17.78
2399,-17.78
2400,-17.78
2401,-17.78
2402,-8.89
2403,-8.89
2404,-17.78
2405,0.00
2406,0.00
2407,8.89
2408,0.00
2409,8.89
2410,8.89
2411,8.89
2412,8.89
2413,0.00
2414,0.00
2414,-8.89
2415,-8.89
2416,-8.89
2417,-8.89
2418,-8.89
2419,-8.89
2420,-8.89
2421,-17.78
2423,-17.78
2424,-17.78
2425,-8.89
2426,0.00
2427,0.00
2428,0.00
2428,0.00
2429,8.89
2430,0.00
2432,8.89
2433,17.78
2434,17.78
2435,26.67
2436,26.67
2437,26.67
2438,17.78
2439,26.67
2440,26.67
2441,17.78
2442,17.78
2443,8.89
2444,8.89
2445,8.89
2446,0.00
2447,-8.89
2448,-17.78
2449,-8.89
2450,-17.78
2451,-35.56
2452,-26.67
2453,-26.67
2454,-35.56
2455,-35.56
2456,-26.67
2457,-35.56
2458,-17.78
2459,-17.78
2461,-8.89
2462,-8.89
2463,0.00
2463,0.00
2464,0.00
2465,0.00
2466,8.89
2467,17.78
2468,17.78
2469,8.89
2470,17.78
2471,8.89
2472,8.89
2473,0.00
2475,8.89
2476,8.89
2477,0.00
2477,8.89
2478,0.00
2479,0.00
2480,0.00
2481,0.00
2482,0.00
2483,-8.89
2484,-8.89
2485,0.00
2486,0.00
2487,0.00
2488,0.00
2489,0.00
2490,0.00
2490,0.00
2491,0.00
2492,0.00
2493,8.89
2494,8.89
2495,17.78
2496,8.89
2497,8.89
2498,8.89
2499,0.00
2500,8.89
2501,8.89
2501,0.00
2502,-8.89
2503,0.00
2504,-8.89
2505,-17.78
2506,-8.89
2507,-26.67
2508,-17.78
2510,-26.67
2511,-17.78
2512,-17.78
2513,-26.67
2514,-26.67
2515,-8.89
2516,-17.78
2518,-8.89
2519,-8.89
2520,0.00
2521,-8.89
2522,0.00
2523,0.00
2524,8.89
2525,8.89
2526,8.89
2526,17.78
2527,26.67
2528,17.78
2529,17.78
2530,8.89
2531,8.89
2532,0.00
2533,8.89
2534,17.78
2535,0.00
2536,8.89
2537,0.00
2538,-8.89
2539,-8.89
2540,-8.89
2541,-8.89
2542,-8.89
2543,-17.78
2544,-8.89
2545,-8.89
2546,-8.89
2547,-17.78
2548,-8.89
2549,-8.89
2550,0.00
2551,0.00
2552,0.00
2553,0.00
2554,-8.89
2555,8.89
2556,8.89
2556,0.00
2557,0.00
2558,8.89
2560,8.89
2561,0.00
2562,0.00
2563,0.00
2564,0.00
2565,-8.89
2566,-8.89
2567,-8.89
2568,-8.89
2569,-17.78
2570,0.00
2571,-8.89
2572,-8.89
2573,-8.89
2574,-17.78
2575,-8.89
2576,-8.89
2577,-17.78
2578,-17.78
2579,-8.89
2580,-8.89
2581,0.00
2582,0.00
2583,0.00
2584,8.89
2585,8.89
2585,8.89
2586,8.89
2587,8.89
2588,8.89
2589,8.89
2590,8.89
2591,8.89
2592,8.89
2593,8.89
2594,8.89
2595,8.89
2596,0.00
2596,0.00
2597,0.00
2598,0.00
2599,0.00
2600,-8.89
2601,-8.89
2603,0.00
2604,-17.78
2605,0.00
2606,-8.89
2607,-8.89
2608,-8.89
2609,-8.89
2610,-8.89
2611,-8.89
2612,-8.89
2613,0.00
2614,0.00
2615,0.00
2616,0.00
2617,-8.89
2618,-8.89
2619,-8.89
2620,0.00
2621,-8.89
2622,-17.78
2623,-8.89
2624,-8.89
2625,-8.89
2626,0.00
2627,0.00
2627,0.00
2628,0.00
2629,0.00
2630,0.00
2631,0.00
2632,8.89
2633,0.00
2634,0.00
2635,0.00
2636,8.89
2637,0.00
2637,8.89
2638,0.00
2639,0.00
2640,0.00
2641,8.89
2642,8.89
2643,8.89
2644,8.89
2646,0.00
2647,0.00
2648,0.00
2649,0.00
2649,0.00
2650,0.00
2651,0.00
2652,0.00
2653,-8.89
2654,0.00
2655,-8.89
2656,-8.89
2657,-8.89
2658,-8.89
2659,-8.89
2660,-8.89
2661,0.00
2662,0.00
2663,-8.89
2664,-8.89
2665,-8.89
2666,-26.67
2667,142.22
2668,-533.33
2669,44.44
2670,-408.89
2671,53.33
2672,444.44
2673,53.33
2674,-248.89
2675,-80.00
2677,-35.56
2678,222.22
2679,-53.33
2680,-17.78
2681,44.44
2682,115.56
2683,0.00
2684,71.11
2685,115.56
2686,142.22
2688,-26.67
2689,17.78
2690,133.33
2691,26.67
2692,-80.00
2693,-8.89
2694,106.67
2695,-71.11
2696,-133.33
2698,-115.56
2699,-62.22
2700,-17.78
2701,-124.44
2702,-17.78
2703,-26.67
2704,-44.44
2705,-80.00
2706,0.00
2707,17.78
2708,26.67
2709,8.89
2710,26.67
2711,8.89
2712,44.44
2713,17.78
2714,8.89
2715,35.56
2716,0.00
2717,62.22
2718,17.78
2719,-26.67
2720,0.00
2721,-17.78
2722,-17.78
2723,-71.11
2724,-53.33
2725,-71.11
2726,-71.11
2727,-53.33
2728,-44.44
2731,-17.78
2732,-26.67
2733,-8.89
2734,-17.78
2735,17.78
2736,26.67
2737,8.89
2738,17.78
2739,35.56
2740,35.56
2741,44.44
2742,44.44
2743,62.22
2744,35.56
2745,53.33
2746,35.56
2747,26.67
2748,26.67
2749,8.89
2750,0.00
2750,8.89
2751,-8.89
2752,-17.78
2753,-17.78
2755,-17.78
2756,-35.56
2757,-26.67
2758,-35.56
2759,-44.44
2760,-44.44
2761,-44.44
2762,-35.56
2763,-26.67
2764,0.00
2765,0.00
2766,-8.89
2767,26.67
2768,17.78
2769,26.67
2770,26.67
2771,17.78
2772,17.78
2774,8.89
2775,17.78
2776,0.00
2777,0.00
2778,0.00
2779,-17.78
2780,-8.89
2781,-26.67
2782,-26.67
2783,-35.56
2784,-35.56
2785,-26.67
2786,-26.67
2787,-26.67
2788,-26.67
2789,-17.78
2790,-17.78
2792,-8.89
2793,-8.89
2794,0.00
2794,0.00
2795,8.89
2796,26.67
2797,26.67
2798,26.67
2799,35.56
2800,35.56
2801,35.56
2802,44.44
2803,26.67
2804,17.78
2805,8.89
2806,17.78
2807,0.00
2808,8.89
2809,0.00
2810,0.00
2811,-8.89
2812,-17.78
2813,-17.78
2814,-17.78
2816,-17.78
2817,-26.67
2818,-26.67
2819,-26.67
2820,-17.78
2821,-17.78
2823,-8.89
2824,-17.78
2825,8.89
2825,0.00
2826,8.89
2827,8.89
2828,8.89
2829,8.89
2830,0.00
2831,0.00
2832,0.00
2833,-8.89
2834,-17.78
2835,-8.89
2836,-17.78
2837,-17.78
2838,-17.78
2839,-35.56
2840,-17.78
2841,-17.78
2842,-17.78
2843,-17.78
2845,-8.89
2846,-8.89
2846,-8.89
2847,-8.89
2848,0.00
2849,8.89
2850,17.78
2851,26.67
2852,26.67
2853,26.67
2854,17.78
2855,26.67
2856,35.56
2857,26.67
2859,35.56
2860,26.67
2861,26.67
2862,26.67
2863,17.78
2864,8.89
2865,8.89
2866,-8.89
2867,0.00
2868,-8.89
2869,-26.67
2870,-26.67
2871,-35.56
2872,-35.56
2873,-35.56
2874,-35.56
2875,-26.67
2877,-35.56
2878,-26.67
2879,-17.78
2880,-26.67
2881,-17.78
2882,-17.78
2883,0.00
2884,0.00
2885,8.89
2886,8.89
2887,8.89
2888,17.78
2889,8.89
2889,8.89
2890,8.89
2891,17.78
2892,0.00
2893,8.89
2894,0.00
2895,0.00
2896,0.00
2897,0.00
2898,-8.89
2899,-8.89
2900,0.00
2902,0.00
2903,-8.89
2904,-8.89
2905,-8.89
2906,0.00
2907,0.00
2907,0.00
2908,8.89
2909,17.78
2910,8.89
2911,8.89
2912,8.89
2913,17.78
2914,8.89
2915,17.78
2916,17.78
2917,17.78
2918,17.78
2919,17.78
2920,8.89
2921,8.89
2922,8.89
2923,8.89
2924,-8.89
2925,-8.89
2926,-17.78
2927,-17.78
2928,-26.67
2929,-26.67
2930,-26.67
2931,-26.67
2932,-26.67
2933,-35.56
2934,-26.67
2935,-26.67
2936,-26.67
2937,-17.78
2938,-8.89
2939,-8.89
2940,0.00
2941,8.89
2942,8.89
2944,17.78
2945,17.78
2946,8.89
2947,17.78
2948,8.89
2949,17.78
2950,17.78
2951,17.78
2952,8.89
2953,8.89
2954,8.89
2955,0.00
2956,0.00
2957,0.00
2957,0.00
2958,-8.89
2959,-8.89
2960,-8.89
2961,-17.78
2962,-17.78
2964,-17.78
2965,-17.78
2966,-8.89
2967,0.00
2968,0.00
2969,0.00
2969,0.00
2970,8.89
2971,0.00
2972,0.00
2973,0.00
2974,8.89
2975,8.89
2976,8.89
2977,17.78
2978,8.89
2979,8.89
2980,0.00
2980,0.00
2981,0.00
2982,8.89
2983,-8.89
2984,-8.89
2985,-8.89
2987,-8.89
2988,-17.78
2989,-17.78
2990,-8.89
2991,-17.78
2992,-8.89
2993,-17.78
2995,-17.78
2996,-8.89
2997,-8.89
2998,-17.78
2999,-17.78
3000,-8.89
3001,-8.89
3002,0.00
3003,8.89
3004,8.89
3004,8.89
3005,17.78
3006,0.00
3007,17.78
3008,8.89
3009,17.78
3010,17.78
3011,8.89
3012,8.89
3013,8.89
3014,8.89
3015,0.00
3016,0.00
3017,0.00
3018,-8.89
3019,0.00
3020,-8.89
3020,-8.89
3021,-8.89
3022,-8.89
3023,-8.89
3024,-8.89
3025,0.00
3026,0.00
3027,-8.89
3028,-8.89
3030,-8.89
3031,0.00
3032,-8.89
3033,-8.89
3034,-8.89
3035,0.00
3036,0.00
3037,-8.89
3038,-8.89
3039,-8.89
3040,-8.89
3041,0.00
3042,-17.78
3043,-8.89
3044,0.00
3045,-17.78
3046,-17.78
3047,-8.89
3048,-8.89
3049,-8.89
3050,-8.89
3051,0.00
3052,-8.89
3053,-8.89
3054,0.00
3055,-8.89
3056,0.00
3057,0.00
3058,0.00
3059,0.00
3060,8.89
3060,0.00
3061,0.00
3062,8.89
3063,8.89
3064,8.89
3065,8.89
3066,8.89
3067,8.89
3068,8.89
3069,17.78
3070,8.89
3072,0.00
3072,0.00
3073,0.00
3074,-8.89
3075,0.00
3076,8.89
3077,0.00
3078,0.00
3079,0.00
3080,-8.89
3081,0.00
3082,-8.89
3083,-8.89
3084,0.00
3085,0.00
3086,-8.89
3087,0.00
3087,-995.56
3089,853.33
3090,-151.11
3091,204.44
3092,-142.22
3093,-8.89
3094,-26.67
3095,-160.00
3096,-106.67
3098,97.78
3099,177.78
3100,-106.67
3101,17.78
3102,106.67
3103,186.67
3104,35.56
3105,-17.78
3106,106.67
3107,124.44
3108,-8.89
3109,17.78
3110,44.44
3111,71.11
3112,-53.33
3113,-8.89
3115,35.56
3116,-44.44
3117,-35.56
3118,-53.33
3119,0.00
3120,-53.33
3121,-106.67
3123,-97.78
3124,-53.33
3125,35.56
3126,-44.44
3127,-53.33
3128,-26.67
3129,62.22
3130,8.89
3131,-17.78
3132,17.78
3133,44.44
3134,44.44
3135,26.67
3136,17.78
3137,44.44
3138,53.33
3139,17.78
3140,-35.56
3141,8.89
3142,-17.78
3143,-8.89
3144,-53.33
3145,-53.33
3146,-62.22
3147,-62.22
3148,-44.44
3149,-44.44
3150,-35.56
3152,-35.56
3153,-35.56
3154,-17.78
3155,-8.89
3156,17.78
3158,0.00
3159,8.89
3160,44.44
3161,26.67
3162,53.33
3163,44.44
3164,53.33
3165,35.56
3166,53.33
3167,44.44
3168,26.67
3169,35.56
3170,17.78
3171,17.78
3172,8.89
3173,-8.89
3173,-8.89
3174,-8.89
3175,-17.78
3177,-17.78
3178,-26.67
3179,-35.56
3180,-44.44
3181,-35.56
3182,-35.56
3183,-26.67
3184,-8.89
3185,0.00
3186,-8.89
3187,-8.89
3188,8.89
3189,0.00
3190,17.78
3191,17.78
3192,26.67
3193,26.67
3194,17.78
3195,17.78
3196,8.89
3197,0.00
3198,0.00
3200,-8.89
3201,-8.89
3202,-8.89
3203,-17.78
3204,-35.56
3205,-26.67
3206,-26.67
3207,-26.67
3208,-35.56
3209,-26.67
3210,-17.78
3211,-26.67
3212,-17.78
3213,-17.78
3214,-8.89
3215,8.89
3216,8.89
3217,0.00
3218,8.89
3219,17.78
3220,26.67
3221,26.67
3222,26.67
3223,26.67
3224,26.67
3225,26.67
3226,26.67
3227,26.67
3228,17.78
3229,8.89
3230,0.00
3231,-8.89
3232,0.00
3233,0.00
3234,-8.89
3235,-8.89
3236,-17.78
3237,-8.89
3238,-8.89
3239,-26.67
3240,-17.78
3241,-17.78
3243,-8.89
3244,0.00
3245,-17.78
3246,0.00
3247,0.00
3248,0.00
3249,-8.89
3250,8.89
3251,0.00
3252,0.00
3252,0.00
3253,-8.89
3254,-8.89
3255,-17.78
3256,-26.67
3258,-26.67
3259,-17.78
3260,-17.78
3261,-17.78
3262,-26.67
3263,-26.67
3264,-17.78
3265,-17.78
3266,-17.78
3267,-8.89
3268,0.00
3269,0.00
3270,0.00
3271,0.00
3272,17.78
3273,26.67
3274,26.67
3275,26.67
3276,26.67
3277,35.56
3278,26.67
3279,26.67
3280,26.67
3281,17.78
3282,26.67
3283,17.78
3284,8.89
3286,8.89
3287,0.00
3288,-17.78
3289,-17.78
3290,-17.78
3291,-26.67
3292,-26.67
3293,-26.67
3294,-26.67
3295,-35.56
3296,-26.67
3297,-26.67
3298,-26.67
3299,-17.78
3301,-17.78
3302,-8.89
3303,-8.89
3304,-8.89
3305,0.00
3305,-8.89
3306,8.89
3307,8.89
3308,8.89
3309,17.78
3310,8.89
3311,8.89
3312,0.00
3313,0.00
3314,8.89
3315,0.00
3316,-8.89
3317,0.00
3318,0.00
3319,-8.89
3320,0.00
3320,-8.89
3321,-8.89
3322,-8.89
3323,-8.89
3324,-8.89
3325,-8.89
3326,0.00
3328,0.00
3329,0.00
3330,8.89
3331,8.89
3332,8.89
3333,8.89
3334,17.78
3335,17.78
3336,26.67
3337,17.78
3338,17.78
3339,26.67
3340,17.78
3341,8.89
3342,8.89
3343,8.89
3344,8.89
3344,-8.89
3345,-8.89
3346,-8.89
3347,-17.78
3348,-17.78
3350,-26.67
3351,-26.67
3352,-26.67
3353,-35.56
3354,-26.67
3355,-26.67
3356,-26.67
3357,-17.78
3358,-17.78
3359,0.00
3360,-8.89
3361,-8.89
3362,0.00
3363,0.00
3364,8.89
3365,8.89
3366,8.89
3367,17.78
3368,17.78
3369,17.78
3371,17.78
3372,8.89
3373,8.89
3374,0.00
3374,17.78
3375,8.89
3376,8.89
3377,8.89
3378,8.89
3379,-8.89
3380,-8.89
3381,-8.89
3382,-8.89
3383,-8.89
3384,-8.89
3385,-17.78
3386,-8.89
3387,-8.89
3388,-8.89
3389,0.00
3390,0.00
3391,8.89
3392,8.89
3393,8.89
3394,8.89
3395,8.89
3396,8.89
3396,8.89
3397,8.89
3398,8.89
3399,8.89
3400,17.78
3401,0.00
3402,8.89
3403,0.00
3404,0.00
3405,-8.89
3406,-8.89
3407,-17.78
3408,-17.78
3409,-17.78
3410,-17.78
3411,-17.78
3412,-26.67
3414,-17.78
3415,-17.78
3416,-8.89
3417,-17.78
3418,-8.89
3419,-17.78
3421,-8.89
3422,-8.89
3423,0.00
3423,0.00
3424,0.00
3425,17.78
3426,8.89
3427,0.00
3428,17.78
3429,8.89
3430,8.89
3431,8.89
3432,8.89
3433,8.89
3434,17.78
3435,8.89
3436,8.89
3436,8.89
3437,8.89
3438,0.00
3439,0.00
3440,0.00
3441,-8.89
3442,0.00
3443,0.00
3444,-8.89
3445,0.00
3446,-8.89
3447,-8.89
3448,0.00
3449,-8.89
3450,-8.89
3451,-8.89
3452,-8.89
3453,0.00
3454,0.00
3456,-8.89
3456,0.00
3457,0.00
3458,-8.89
3459,0.00
3460,-8.89
3461,0.00
3462,0.00
3463,-8.89
3464,-8.89
3465,-8.89
3466,-8.89
3467,0.00
3468,-8.89
3469,-8.89
3470,-8.89
3471,-8.89
3472,-8.89
3473,-8.89
3474,0.00
3475,0.00
3476,-8.89
3477,-8.89
3478,0.00
3479,8.89
3480,0.00
3480,-8.89
3481,0.00
3482,0.00
3483,8.89
3484,8.89
3485,8.89
3486,0.00
3487,8.89
3488,8.89
3489,8.89
3490,8.89
3491,8.89
3492,8.89
3492,8.89
3493,8.89
3494,8.89
3495,-53.33
3496,-257.78
3497,-266.67
3500,115.56
3501,-302.22
3502,17.78
3503,346.67
3504,35.56
3505,-133.33
3506,44.44
3507,-8.89
3508,142.22
3509,-53.33
3510,8.89
3511,62.22
3512,133.33
3513,17.78
3514,-8.89
3515,97.78
3516,106.67
3517,-17.78
3518,-8.89
3519,17.78
3520,62.22
3521,-62.22
3522,-8.89
3523,8.89
3524,0.00
3525,-8.89
3526,-88.89
3527,-53.33
3528,-44.44
3529,-71.11
3531,-88.89
3532,-17.78
3533,8.89
3534,-44.44
3535,-35.56
3536,8.89
3537,26.67
3538,17.78
3539,8.89
3540,26.67
3542,35.56
3543,53.33
3544,26.67
3545,8.89
3545,35.56
3546,17.78
3547,26.67
3548,17.78
3549,-8.89
3550,-8.89
3551,-8.89
3552,-26.67
3554,-53.33
3555,-53.33
3556,-62.22
3557,-71.11
3558,-35.56
3559,-53.33
3560,-17.78
3561,-35.56
3562,-8.89
3563,-17.78
3564,0.00
3565,26.67
3566,8.89
3567,17.78
3568,35.56
3569,26.67
3570,35.56
3571,26.67
3572,44.44
3573,26.67
3574,44.44
3575,35.56
3576,26.67
3577,26.67
3578,0.00
3579,-8.89
3580,-8.89
3581,-26.67
3582,-17.78
3584,-17.78
3585,-17.78
3586,-35.56
3587,-35.56
3588,-35.56
3589,-35.56
3591,-35.56
3592,-26.67
3593,-8.89
3594,-8.89
3595,8.89
3596,17.78
3597,17.78
3598,35.56
3599,35.56
3600,35.56
3601,35.56
3602,26.67
3603,35.56
3604,17.78
3605,26.67
3606,8.89
3607,8.89
3607,-8.89
3608,-8.89
3609,-8.89
3610,-26.67
3611,-35.56
3613,-35.56
3614,-44.44
3615,-44.44
3616,-35.56
3617,-35.56
3618,-35.56
3619,-17.78
3620,-17.78
3621,-17.78
3622,-8.89
3623,-8.89
3624,8.89
3625,8.89
3627,17.78
3628,26.67
3629,17.78
3630,26.67
3631,26.67
3632,35.56
3633,26.67
3634,26.67
3635,17.78
3636,8.89
3637,8.89
3638,0.00
3639,-8.89
3640,-8.89
3641,-8.89
3642,-17.78
3643,-17.78
3644,-26.67
3645,-17.78
3646,-17.78
3647,-17.78
3648,-17.78
3649,-8.89
3650,-8.89
3651,0.00
3652,8.89
3653,0.00
3654,8.89
3655,0.00
3656,8.89
3657,8.89
3658,17.78
3659,17.78
3660,17.78
3661,8.89
3662,8.89
3663,0.00
3663,-8.89
3664,-8.89
3665,-8.89
3666,-8.89
3667,-17.78
3670,-8.89
3671,-17.78
3672,-26.67
3673,-26.67
3674,-35.56
3675,-26.67
3676,-17.78
3677,-26.67
3678,-8.89
3679,-17.78
3680,-8.89
3681,0.00
3682,8.89
3683,17.78
3684,17.78
3685,26.67
3686,26.67
3687,35.56
3688,35.56
3689,26.67
3690,26.67
3691,17.78
3692,26.67
3693,8.89
3694,17.78
3695,8.89
3696,0.00
3697,0.00
3698,-8.89
3699,-17.78
3700,-17.78
3701,-17.78
3702,-26.67
3703,-17.78
3704,-26.67
3705,-26.67
3706,-26.67
3707,-17.78
3708,-17.78
3709,-8.89
3710,-8.89
3712,-8.89
3713,0.00
3714,0.00
3715,8.89
3716,8.89
3717,0.00
3718,8.89
3719,8.89
3720,8.89
3721,0.00
3722,0.00
3722,0.00
3723,0.00
3724,0.00
3725,8.89
3726,0.00
3727,0.00
3728,0.00
3729,-8.89
3730,-17.78
3731,-17.78
3732,-26.67
3733,-8.89
3734,-8.89
3735,-8.89
3736,-8.89
3737,-8.89
3738,0.00
3739,0.00
3740,0.00
3741,0.00
3742,8.89
3743,8.89
3744,8.89
3744,8.89
3745,17.78
3746,8.89
3747,8.89
3748,17.78
3749,17.78
3750,17.78
3751,8.89
3752,0.00
3753,0.00
3755,-8.89
3756,-8.89
3757,-17.78
3758,-17.78
3759,-8.89
3760,-17.78
3761,-8.89
3762,-17.78
3763,-8.89
3764,-17.78
3765,-8.89
3766,-17.78
3767,-8.89
3768,0.00
3769,-8.89
3770,0.00
3771,0.00
3772,8.89
3773,8.89
3774,8.89
3775,0.00
3776,8.89
3777,8.89
3778,8.89
3779,0.00
3779,0.00
3780,0.00
3781,-8.89
3782,-8.89
3783,0.00
3784,-8.89
3785,0.00
3786,-8.89
3787,-8.89
3788,-8.89
3789,-17.78
3790,-8.89
3791,-8.89
3792,-8.89
3793,-17.78
3794,0.00
3795,-8.89
3796,-8.89
3798,0.00
3799,-8.89
3800,0.00
3801,0.00
3802,8.89
3803,8.89
3804,8.89
3805,17.78
3806,0.00
3806,0.00
3807,8.89
3808,8.89
3809,0.00
3810,0.00
3811,8.89
3812,8.89
3813,8.89
3814,-8.89
3815,0.00
3816,-8.89
3817,-8.89
3818,-8.89
3819,-17.78
3820,-8.89
3821,-17.78
3822,-8.89
3823,-8.89
3824,-8.89
3825,-8.89
3826,0.00
3827,0.00
3828,-8.89
3829,-8.89
3830,-17.78
3831,0.00
3832,-8.89
3833,8.89
3834,8.89
3834,8.89
3835,0.00
3836,8.89
3837,8.89
3838,0.00
3840,-8.89
3841,0.00
3842,0.00
3843,0.00
3844,0.00
3845,-17.78
3846,-8.89
3847,0.00
3848,-8.89
3849,0.00
3850,0.00
3850,0.00
3851,0.00
3852,8.89
3853,-8.89
3854,0.00
3855,-8.89
3856,0.00
3857,8.89
3858,8.89
3859,8.89
3860,8.89
3861,8.89
3862,8.89
3863,0.00
3863,-8.89
3864,0.00
3865,0.00
3866,0.00
3867,0.00
3868,-8.89
3869,-8.89
3870,-8.89
3871,-8.89
3872,-8.89
3873,-17.78
3874,-17.78
3875,-17.78
3876,-8.89
3877,-8.89
3878,-8.89
3879,-8.89
3880,-8.89
3881,-8.89
3883,0.00
3884,0.00
3885,0.00
3886,0.00
3887,-8.89
3888,0.00
3889,8.89
3890,0.00
3891,8.89
3892,8.89
3892,8.89
3893,8.89
3894,8.89
3895,-1022.22
3896,266.67
3898,-8.89
3899,115.56
3900,-124.44
3901,44.44
3902,-35.56
3903,-133.33
3904,-88.89
3905,88.89
3906,151.11
3907,-80.00
3908,35.56
3909,97.78
3910,160.00
3911,17.78
3912,-71.11
3913,115.56
3914,124.44
3916,0.00
3916,-17.78
3918,0.00
3918,124.44
3920,-35.56
3921,0.00
3922,-8.89
3923,26.67
3924,-8.89
3926,-88.89
3927,-62.22
3928,-35.56
3929,-62.22
3930,-106.67
3931,-35.56
3932,-8.89
3933,-53.33
3934,-62.22
3935,-17.78
3936,44.44
3937,-8.89
3938,-17.78
3939,8.89
3940,35.56
3941,44.44
3942,8.89
3943,17.78
3944,53.33
3945,35.56
3946,17.78
3947,-8.89
3948,26.67
3949,0.00
3950,0.00
3951,-8.89
3952,-35.56
3953,-26.67
3954,-35.56
3955,-53.33
3956,-35.56
3957,-35.56
3958,-8.89
3959,-26.67
3961,-8.89
3962,-8.89
3963,0.00
3963,17.78
3964,0.00
3965,8.89
3966,35.56
3968,17.78
3969,35.56
3970,26.67
3971,35.56
3972,26.67
3973,35.56
3974,26.67
3975,17.78
3976,17.78
3977,8.89
3978,0.00
3979,-8.89
3980,-17.78
3981,-26.67
3982,-26.67
3983,-17.78
3984,-26.67
3985,-17.78
3987,-35.56
3988,-44.44
3989,-44.44
3990,-35.56
3991,-26.67
3992,-26.67
3993,0.00
3994,0.00
3995,0.00
3996,17.78
3997,17.78
3998,26.67
3999,26.67
4000,17.78
4001,17.78
4002,17.78
4003,26.67
4004,8.89
4005,0.00
4006,8.89
4006,-8.89
4007,8.89
4008,-8.89
4009,-8.89
4011,-8.89
4012,-17.78
4013,-17.78
4015,-17.78
4016,-17.78
4017,-17.78
4018,-17.78
4019,-17.78
4020,-17.78
4021,-8.89
4022,-8.89
4023,8.89
4024,8.89
4025,8.89
4026,17.78
4027,17.78
4028,17.78
4029,26.67
4030,26.67
4031,17.78
4032,17.78
4033,17.78
4034,8.89
4035,8.89
4036,0.00
4036,0.00
4037,-8.89
4038,-17.78
4039,-17.78
4041,-17.78
4042,-17.78
4043,-17.78
4044,-17.78
4045,-17.78
4046,-26.67
4047,-17.78
4048,-8.89
4049,-8.89
4050,0.00
4051,-8.89
4052,8.89
4054,8.89
4055,0.00
4056,8.89
4057,8.89
4058,8.89
4058,8.89
4059,8.89
4060,8.89
4061,8.89
4062,8.89
4063,-8.89
4064,0.00
4065,-8.89
4066,-8.89
4067,0.00
4068,0.00
4069,0.00
4070,-8.89
4071,-8.89
4072,-8.89
4073,-8.89
4074,0.00
4075,-8.89
4076,-8.89
4077,0.00
4077,8.89
4078,0.00
4079,8.89
4080,8.89
4081,8.89
4082,17.78
4083,17.78
4084,17.78
4085,17.78
4086,17.78
4087,17.78
4088,8.89
4089,17.78
4090,8.89
4091,8.89
4092,0.00
4093,0.00
4094,-8.89
4096,-8.89
4097,-26.67
4098,-26.67
4099,-35.56
4100,-17.78
4101,-26.67
4102,-26.67
4103,-17.78
4104,-17.78
4105,-26.67
4106,-17.78
4107,-8.89
4108,-8.89
4109,0.00
4110,-8.89
4111,8.89
4112,0.00
4113,0.00
4114,8.89
4115,8.89
4116,8.89
4117,17.78
4118,17.78
4119,17.78
4120,8.89
4121,8.89
4122,0.00
4122,0.00
4123,8.89
4124,0.00
4125,8.89
4126,0.00
4127,-8.89
4128,-8.89
4129,-17.78
4130,-8.89
4131,-17.78
4132,0.00
4133,-8.89
4134,-8.89
4135,0.00
4136,0.00
4137,0.00
4139,0.00
4140,-8.89
4141,-8.89
4142,8.89
4143,8.89
4144,8.89
4144,8.89
4145,8.89
4146,8.89
4147,0.00
4148,8.89
4149,8.89
4150,-8.89
4151,0.00
4152,0.00
4153,-8.89
4154,-17.78
4155,-8.89
4156,-17.78
4157,-17.78
4158,-17.78
4159,-17.78
4160,-17.78
4161,-17.78
4162,-17.78
4163,-17.78
4164,-8.89
4165,-8.89
4166,0.00
4167,8.89
4168,17.78
4169,8.89
4170,8.89
4171,8.89
4172,17.78
4173,17.78
4174,8.89
4175,17.78
4176,17.78
4177,17.78
4178,8.89
4179,8.89
4180,8.89
4182,0.00
4183,8.89
4183,0.00
4184,0.00
4185,-8.89
4186,-8.89
4187,-17.78
4188,-8.89
4189,-8.89
4190,-17.78
4191,-17.78
4193,-8.89
4193,-17.78
4195,-17.78
4196,-17.78
4197,-17.78
4198,0.00
4199,0.00
4200,-8.89
4201,0.00
4202,0.00
4202,8.89
4203,8.89
4204,8.89
4205,0.00
4206,0.00
4207,8.89
4208,0.00
4209,0.00
4210,0.00
4211,0.00
4212,0.00
4213,0.00
4213,0.00
4214,-8.89
4215,0.00
4216,-8.89
4217,-8.89
4218,-8.89
4219,-8.89
4220,-8.89
4221,0.00
4222,-17.78
4224,0.00
4225,0.00
4226,0.00
4227,8.89
4228,-8.89
4229,0.00
4230,0.00
4231,0.00
4232,0.00
4233,8.89
4233,8.89
4234,8.89
4235,17.78
4236,17.78
4237,0.00
4238,0.00
4239,0.00
4240,8.89
4241,0.00
4242,0.00
4243,0.00
4244,0.00
4245,0.00
4245,0.00
4246,-8.89
4247,0.00
4248,-8.89
4249,0.00
4250,-8.89
4251,-8.89
4252,-8.89
4253,-8.89
4254,-17.78
4255,-17.78
4256,-8.89
4257,-8.89
4258,-8.89
4259,0.00
4260,-8.89
4261,0.00
4262,8.89
4263,0.00
4264,-8.89
4265,-8.89
4267,0.00
4268,0.00
4269,0.00
4270,0.00
4271,8.89
4272,0.00
4272,-8.89
4273,-8.89
4274,0.00
4275,-8.89
4276,0.00
4277,0.00
4278,-8.89
4279,-8.89
4280,0.00
4281,0.00
4282,0.00
4283,0.00
4284,8.89
4285,0.00
4286,0.00
4287,0.00
4287,8.89
4288,0.00
4289,0.00
4290,0.00
4291,0.00
4292,0.00
4293,0.00
4294,0.00
4295,0.00
4296,0.00
4297,-8.89
4298,-8.89
4299,0.00
4300,0.00
4300,-1057.78
4302,497.78
4303,-53.33
4304,177.78
4305,-142.22
4306,17.78
4307,-44.44
4308,-160.00
4310,-106.67
4311,62.22
4312,195.56
4314,-88.89
4315,26.67
4316,88.89
4317,195.56
4318,35.56
4319,-71.11
4320,133.33
4321,124.44
4322,0.00
4323,-17.78
4324,0.00
4325,124.44
4326,-35.56
4327,0.00
4328,-17.78
4329,-8.89
4330,0.00
4331,-97.78
4332,-80.00
4333,-62.22
4334,-71.11
4335,-106.67
4336,-35.56
4337,0.00
4338,-53.33
4339,-71.11
4341,-17.78
4342,53.33
4343,8.89
4344,8.89
4344,26.67
4345,35.56
4346,62.22
4347,26.67
4348,26.67
4349,71.11
4350,26.67
4352,26.67
4353,0.00
4354,0.00
4355,-17.78
4356,-17.78
4357,-17.78
4358,-62.22
4360,-53.33
4361,-44.44
4362,-80.00
4363,-62.22
4364,-53.33
4365,-17.78
4366,-35.56
4367,-8.89
4368,-17.78
4369,8.89
4370,17.78
4371,26.67
4372,26.67
4373,35.56
4374,53.33
4375,44.44
4376,44.44
4377,62.22
4378,35.56
4379,44.44
4380,17.78
4381,26.67
4382,26.67
4383,8.89
4384,-8.89
4385,-17.78
4386,-17.78
4387,-17.78
4388,-35.56
4389,-35.56
4390,-35.56
4391,-44.44
4392,-44.44
4395,-35.56
4396,-44.44
4397,-26.67
4398,-17.78
4399,-8.89
4400,0.00
4401,8.89
4402,17.78
4403,17.78
4404,26.67
4405,35.56
4406,26.67
4407,35.56
4408,17.78
4409,26.67
4410,17.78
4411,17.78
4412,0.00
4413,0.00
4413,-8.89
4414,-17.78
4416,-17.78
4417,-35.56
4418,-26.67
4419,-35.56
4420,-44.44
4421,-35.56
4422,-35.56
4423,-26.67
4424,-17.78
4425,-26.67
4426,-8.89
4427,0.00
4428,0.00
4429,8.89
4430,17.78
4431,8.89
4432,17.78
4433,17.78
4434,35.56
4435,35.56
4436,35.56
4438,26.67
4439,26.67
4440,17.78
4441,17.78
4442,17.78
4443,0.00
4444,0.00
4445,-8.89
4446,-17.78
4447,-17.78
4448,-17.78
4449,-17.78
4450,-17.78
4451,-26.67
4452,-26.67
4453,-26.67
4454,-17.78
4456,-17.78
4457,-8.89
4458,-8.89
4459,0.00
4459,8.89
4460,0.00
4461,8.89
4462,8.89
4463,17.78
4464,17.78
4465,8.89
4466,17.78
4467,8.89
4468,0.00
4469,0.00
4470,0.00
4471,-8.89
4472,-8.89
4473,-17.78
4474,-17.78
4475,-26.67
4476,-26.67
4477,-17.78
4478,-26.67
4480,-17.78
4481,-17.78
4482,-17.78
4483,-8.89
4484,-8.89
4485,8.89
4486,8.89
4487,8.89
4488,17.78
4489,17.78
4490,17.78
4491,26.67
4492,26.67
4493,26.67
4494,26.67
4495,26.67
4496,26.67
4497,17.78
4498,0.00
4499,8.89
4500,0.00
4501,0.00
4502,-8.89
4503,-17.78
4504,-17.78
4505,-26.67
4506,-35.56
4507,-26.67
4508,-26.67
4509,-26.67
4510,-26.67
4511,-35.56
4512,-26.67
4514,-26.67
4515,-8.89
4516,-8.89
4517,0.00
4518,8.89
4518,0.00
4519,0.00
4520,0.00
4521,8.89
4523,8.89
4524,8.89
4525,17.78
4526,17.78
4527,8.89
4528,8.89
4529,0.00
4530,8.89
4531,0.00
4531,8.89
4532,0.00
4533,0.00
4534,-8.89
4535,-8.89
4536,-8.89
4537,0.00
4538,-8.89
4539,-8.89
4540,-8.89
4541,0.00
4542,0.00
4543,0.00
4544,8.89
4545,0.00
4546,8.89
4547,8.89
4547,8.89
4548,8.89
4549,17.78
4550,8.89
4551,17.78
4552,8.89
4553,0.00
4554,8.89
4555,0.00
4556,0.00
4557,0.00
4558,-8.89
4559,-8.89
4560,-8.89
4561,-17.78
4562,-17.78
4563,-17.78
4564,-17.78
4566,-17.78
4567,-17.78
4568,-17.78
4569,-17.78
4570,-17.78
4571,-17.78
4572,0.00
4573,0.00
4574,0.00
4575,0.00
4576,0.00
4577,8.89
4578,8.89
4579,8.89
4580,8.89
4581,17.78
4582,8.89
4583,8.89
4584,17.78
4585,8.89
4585,17.78
4586,8.89
4587,0.00
4588,0.00
4589,0.00
4590,-8.89
4591,0.00
4592,-8.89
4593,-8.89
4594,-8.89
4595,-8.89
4596,-17.78
4597,-17.78
4598,-17.78
4599,-8.89
4600,0.00
4601,-8.89
4602,-8.89
4603,0.00
4604,0.00
4605,8.89
4606,-8.89
4608,8.89
4609,8.89
4610,8.89
4611,8.89
4611,17.78
4612,8.89
4613,0.00
4614,8.89
4615,0.00
4616,0.00
4617,0.00
4618,0.00
4619,-8.89
4620,-17.78
4621,-8.89
4622,-17.78
4623,-8.89
4624,-8.89
4625,-8.89
4626,-17.78
4627,-17.78
4628,-8.89
4629,-8.89
4630,-8.89
4631,-8.89
4632,0.00
4633,0.00
4634,-8.89
4635,0.00
4636,8.89
4637,8.89
4638,8.89
4639,8.89
4640,8.89
4640,8.89
4641,8.89
4642,8.89
4643,8.89
4644,8.89
4645,8.89
4646,0.00
4647,8.89
4648,8.89
4649,0.00
4651,0.00
4652,0.00
4652,-8.89
4653,-8.89
4654,-8.89
4655,-8.89
4656,-8.89
4657,-8.89
4658,0.00
4659,0.00
4660,0.00
4661,-8.89
4662,0.00
4663,-8.89
4664,-8.89
4665,8.89
4666,0.00
4667,0.00
4668,8.89
4669,0.00
4670,0.00
4671,-8.89
4672,8.89
4672,0.00
4673,-8.89
4674,0.00
4675,0.00
4676,-8.89
4677,-8.89
4678,-8.89
4679,-8.89
4680,-8.89
4681,-8.89
4682,-8.89
4683,-8.89
4684,-8.89
4685,-8.89
4686,-8.89
4687,-8.89
4688,0.00
4689,0.00
4690,0.00
4691,0.00
4692,8.89
4694,0.00
4695,0.00
4696,8.89
4696,8.89
4697,8.89
4698,8.89
4699,0.00
4700,8.89
4701,17.78
4702,8.89
4703,0.00
4704,8.89
4705,8.89
4706,0.00
4707,-8.89
4708,0.00
4708,-8.89
4709,-8.89
4710,-1297.78
4712,-35.56
4713,8.89
4714,97.78
4715,-142.22
4716,-8.89
4717,-17.78
4718,-133.33
4719,-88.89
4720,133.33
4721,186.67
4722,-80.00
4723,35.56
4724,106.67
4725,186.67
4727,35.56
4728,-44.44
4729,115.56
4730,115.56
4731,-35.56
4732,0.00
4733,0.00
4734,97.78
4736,-53.33
4737,-26.67
4738,-17.78
4739,-53.33
4740,-53.33
4741,-71.11
4742,-8.89
4743,-44.44
4744,-97.78
4745,-97.78
4746,-62.22
4747,17.78
4748,-44.44
4750,-44.44
4751,-26.67
4752,62.22
4753,26.67
4754,0.00
4755,26.67
4756,44.44
4757,71.11
4758,35.56
4759,26.67
4760,44.44
4761,44.44
4762,26.67
4763,-17.78
4764,8.89
4765,-8.89
4766,-8.89
4767,-44.44
4768,-44.44
4769,-62.22
4770,-44.44
4771,-44.44
4772,-62.22
4773,-35.56
4774,-26.67
4775,-26.67
4776,-8.89
4777,0.00
4779,8.89
4780,0.00
4781,17.78
4782,17.78
4783,35.56
4784,53.33
4785,35.56
4786,35.56
4787,44.44
4788,26.67
4789,44.44
4790,17.78
4791,17.78
4792,17.78
4793,0.00
4794,-8.89
4795,-26.67
4796,-17.78
4797,-17.78
4798,-26.67
4799,-26.67
4800,-44.44
4801,-44.44
4802,-35.56
4804,-35.56
4805,-35.56
4806,-17.78
4807,-8.89
4808,-8.89
4809,-8.89
4810,0.00
4811,17.78
4812,17.78
4813,35.56
4814,35.56
4815,35.56
4816,44.44
4817,35.56
4818,26.67
4819,17.78
4820,8.89
4822,0.00
4822,-8.89
4823,-8.89
4824,-26.67
4826,-17.78
4827,-26.67
4828,-35.56
4829,-44.44
4830,-44.44
4831,-35.56
4832,-26.67
4833,-26.67
4834,-17.78
4835,-17.78
4836,-8.89
4837,0.00
4838,8.89
4839,8.89
4840,8.89
4841,26.67
4842,26.67
4843,35.56
4844,26.67
4845,26.67
4846,26.67
4847,26.67
4848,17.78
4849,17.78
4850,8.89
4851,0.00
4852,0.00
4853,-8.89
4854,-17.78
4855,-8.89
4856,-17.78
4857,-26.67
4858,-17.78
4859,-17.78
4860,-26.67
4861,-26.67
4862,-26.67
4864,-17.78
4865,-8.89
4866,-8.89
4867,0.00
4868,17.78
4869,0.00
4870,8.89
4871,17.78
4872,8.89
4873,17.78
4874,17.78
4875,17.78
4876,8.89
4877,8.89
4878,0.00
4879,0.00
4880,-8.89
4881,-26.67
4882,-8.89
4883,-17.78
4884,-17.78
4885,-17.78
4886,-17.78
4887,-17.78
4888,-17.78
4889,-17.78
4890,-17.78
4891,-8.89
4892,-8.89
4893,-8.89
4894,8.89
4895,8.89
4896,17.78
4897,26.67
4898,17.78
4899,26.67
4900,26.67
4901,26.67
4902,26.67
4903,17.78
4904,17.78
4905,8.89
4907,8.89
4908,17.78
4909,8.89
4910,0.00
4911,0.00
4912,-17.78
4913,-17.78
4914,-17.78
4915,-35.56
4916,-26.67
4917,-26.67
4918,-35.56
4919,-35.56
4920,-17.78
4921,-26.67
4922,-8.89
4923,-17.78
4925,0.00
4925,0.00
4926,0.00
4927,0.00
4928,0.00
4929,8.89
4930,8.89
4931,8.89
4932,8.89
4933,8.89
4934,17.78
4935,8.89
4936,8.89
4936,-8.89
4937,0.00
4938,0.00
4939,0.00
4940,0.00
4941,-8.89
4942,-8.89
4943,-17.78
4944,-8.89
4945,-17.78
4946,-8.89
4947,-8.89
4948,-8.89
4950,0.00
4951,-8.89
4952,0.00
4953,-8.89
4954,0.00
4955,0.00
4956,8.89
4957,8.89
4958,8.89
4959,17.78
4960,17.78
4961,17.78
4962,8.89
4963,8.89
4963,8.89
4964,8.89
4965,0.00
4966,-8.89
4967,0.00
4968,-8.89
4969,-8.89
4970,-8.89
4971,-17.78
4972,-17.78
4973,-26.67
4974,-26.67
4975,-17.78
4976,-17.78
4978,-17.78
4979,-8.89
4980,-17.78
4981,-17.78
4982,0.00
4983,-8.89
4984,8.89
4985,0.00
4986,8.89
4986,8.89
4987,8.89
4988,17.78
4989,8.89
4990,8.89
4992,17.78
4993,17.78
4994,8.89
4995,8.89
4996,8.89
4997,8.89
4998,-8.89
4999,-8.89
5000,-8.89
5001,-17.78
5002,-8.89
5003,-17.78
5004,-26.67
5005,-17.78
5006,-8.89
5007,-17.78
5008,-8.89
5009,-8.89
5010,-8.89
5011,-8.89
5012,0.00
5013,8.89
5014,8.89
5015,8.89
5016,8.89
5017,8.89
5018,17.78
5019,17.78
5020,17.78
5021,8.89
5022,8.89
5022,8.89
5023,0.00
5024,0.00
5025,8.89
5026,8.89
5027,0.00
5028,-8.89
5029,-8.89
5030,-8.89
5031,-8.89
5032,-17.78
5033,-17.78
5035,-17.78
5036,-17.78
5037,-8.89
5038,-17.78
5039,-8.89
5040,-8.89
5041,0.00
5042,0.00
5043,0.00
5044,8.89
5045,0.00
5046,-8.89
5047,0.00
5048,0.00
5049,8.89
5050,17.78
5051,8.89
5051,8.89
5052,0.00
5053,0.00
5054,0.00
5055,0.00
5056,0.00
5057,8.89
5058,0.00
5059,0.00
5060,0.00
5061,-8.89
5062,0.00
5063,-8.89
5063,0.00
5064,0.00
5065,-8.89
5066,-8.89
5067,0.00
5068,-8.89
5069,0.00
5070,-8.89
5071,-8.89
5072,0.00
5073,0.00
5074,0.00
5075,0.00
5076,8.89
5078,0.00
5079,0.00
5080,0.00
5080,0.00
5081,0.00
5082,0.00
5083,0.00
5084,0.00
5085,0.00
5086,-8.89
5087,-8.89
5088,-8.89
5089,0.00
5090,-8.89
5091,-17.78
5092,-8.89
5093,-8.89
5094,-8.89
5095,-17.78
5096,-8.89
5097,-8.89
5098,0.00
5099,0.00
5100,8.89
5101,8.89
5102,8.89
5103,8.89
5103,0.00
5104,0.00
5105,0.00
5106,0.00
5107,8.89
5108,8.89
5109,0.00
5110,8.89
5111,0.00
5112,0.00
5113,8.89
5113,0.00
5114,8.89
5115,0.00
5116,8.89
5117,0.00
5118,0.00
5120,-8.89
5121,-8.89
5122,0.00
5123,0.00
5124,0.00
5125,0.00
5126,0.00
5127,0.00
5127,0.00
5128,0.00
5129,0.00
5130,0.00
5131,0.00
5132,0.00
5133,0.00
5134,0.00
5135,0.00
5136,-8.89
5137,0.00
5138,-8.89
5139,-8.89
5140,8.89
5140,-8.89
5141,-8.89
5142,-8.89
5143,-8.89
5144,-8.89
5145,-8.89
5146,-1448.89
5148,-71.11
5149,53.33
5150,-26.67
5151,-71.11
5152,44.44
5153,-88.89
5154,-204.44
5155,-124.44
5156,35.56
5157,240.00
5158,-97.78
5159,17.78
5160,88.89
5161,204.44
5164,35.56
5165,-44.44
5166,124.44
5167,142.22
5168,-17.78
5169,0.00
5170,8.89
5171,115.56
5172,-62.22
5173,-8.89
5174,8.89
5175,0.00
5176,8.89
5177,-97.78
5178,-88.89
5179,-62.22
5180,-71.11
5181,-115.56
5182,-17.78
5183,-8.89
5184,-62.22
5185,-71.11
5186,-26.67
5187,35.56
5188,0.00
5189,-8.89
5190,35.56
5191,35.56
5192,53.33
5193,8.89
5194,8.89
5195,44.44
5196,26.67
5197,26.67
5198,0.00
5199,0.00
5200,-8.89
5201,-17.78
5202,-17.78
5203,-62.22
5204,-44.44
5206,-53.33
5207,-71.11
5208,-35.56
5209,-53.33
5211,-8.89
5212,-35.56
5213,-17.78
5214,-17.78
5215,8.89
5216,17.78
5217,17.78
5218,26.67
5219,35.56
5220,44.44
5221,44.44
5222,35.56
5223,53.33
5224,35.56
5225,53.33
5226,26.67
5227,26.67
5228,35.56
5229,8.89
5230,-8.89
5231,0.00
5231,-8.89
5232,-17.78
5234,-17.78
5235,-35.56
5236,-44.44
5237,-35.56
5238,-44.44
5239,-44.44
5240,-44.44
5241,-35.56
5242,-26.67
5243,-26.67
5244,0.00
5245,-8.89
5246,-8.89
5248,0.00
5249,17.78
5250,17.78
5251,26.67
5252,26.67
5253,17.78
5254,17.78
5255,17.78
5256,0.00
5257,8.89
5258,0.00
5259,-17.78
5260,-17.78
5261,-17.78
5262,-26.67
5263,-26.67
5264,-35.56
5265,-26.67
5266,-26.67
5267,-17.78
5269,-17.78
5270,-17.78
5271,-17.78
5272,0.00
5273,0.00
5274,17.78
5275,17.78
5276,17.78
5277,17.78
5278,26.67
5279,17.78
5280,26.67
5281,26.67
5282,26.67
5283,35.56
5284,26.67
5285,17.78
5286,17.78
5287,8.89
5287,8.89
5288,0.00
5289,-8.89
5291,-8.89
5292,-8.89
5293,-17.78
5294,-26.67
5295,-26.67
5297,-26.67
5298,-17.78
5299,-26.67
5300,-26.67
5301,-26.67
5302,-17.78
5303,-17.78
5304,-8.89
5305,0.00
5306,0.00
5307,8.89
5308,8.89
5309,8.89
5310,0.00
5311,8.89
5311,0.00
5312,0.00
5313,8.89
5314,-8.89
5315,0.00
5316,0.00
5317,-8.89
5318,-8.89
5319,-17.78
5320,-17.78
5321,-17.78
5322,-17.78
5323,-17.78
5324,-8.89
5325,-8.89
5326,-17.78
5327,-8.89
5328,0.00
5329,0.00
5330,8.89
5331,17.78
5332,8.89
5334,17.78
5335,17.78
5336,17.78
5337,17.78
5338,26.67
5339,26.67
5340,17.78
5341,17.78
5342,17.78
5343,8.89
5344,17.78
5345,0.00
5346,-8.89
5347,-8.89
5348,-17.78
5349,-17.78
5350,-26.67
5351,-17.78
5352,-26.67
5353,-26.67
5354,-26.67
5355,-26.67
5357,-26.67
5358,-26.67
5359,-17.78
5360,-26.67
5361,-8.89
5362,-8.89
5363,0.00
5364,0.00
5365,0.00
5366,8.89
5367,8.89
5367,8.89
5368,8.89
5369,0.00
5370,0.00
5371,8.89
5372,0.00
5373,8.89
5374,0.00
5376,8.89
5377,8.89
5378,0.00
5378,8.89
5379,-8.89
5380,0.00
5381,0.00
5382,0.00
5383,0.00
5384,0.00
5385,0.00
5386,0.00
5387,8.89
5388,8.89
5389,8.89
5390,8.89
5390,17.78
5391,17.78
5392,8.89
5393,8.89
5394,0.00
5395,0.00
5396,8.89
5397,17.78
5398,8.89
5399,8.89
5400,0.00
5401,-8.89
5402,0.00
5403,-17.78
5404,-8.89
5405,-17.78
5406,-17.78
5407,-17.78
5408,-17.78
5409,-26.67
5410,-17.78
5411,-26.67
5412,-26.67
5413,-17.78
5414,-17.78
5415,-8.89
5416,-8.89
5417,0.00
5419,0.00
5420,0.00
5421,0.00
5422,8.89
5423,8.89
5424,8.89
5425,17.78
5426,17.78
5427,17.78
5428,17.78
5429,17.78
5430,8.89
5431,0.00
5432,17.78
5433,8.89
5434,8.89
5435,0.00
5435,0.00
5436,0.00
5437,-17.78
5438,-17.78
5439,-8.89
5440,-8.89
5441,-8.89
5442,-8.89
5443,-8.89
5444,-8.89
5445,-17.78
5446,0.00
5447,0.00
5448,0.00
5449,0.00
5450,8.89
5451,0.00
5452,0.00
5453,0.00
5454,8.89
5455,0.00
5456,8.89
5457,0.00
5457,0.00
5458,0.00
5459,0.00
5460,0.00
5462,8.89
5463,0.00
5464,-8.89
5465,-8.89
5466,-17.78
5467,-8.89
5468,-8.89
5469,-17.78
5470,-8.89
5471,-17.78
5472,-17.78
5473,-8.89
5474,-17.78
5475,-17.78
5476,-8.89
5477,0.00
5478,0.00
5479,0.00
5480,0.00
5481,17.78
5482,8.89
5483,8.89
5484,8.89
5485,0.00
5486,8.89
5487,8.89
5487,0.00
5488,8.89
5489,8.89
5490,17.78
5491,8.89
5492,8.89
5493,0.00
5494,0.00
5495,0.00
5496,0.00
5497,0.00
5498,-8.89
5499,0.00
5500,-17.78
5501,-8.89
5502,-8.89
5504,-17.78
5505,-8.89
5506,-8.89
5507,-8.89
5508,0.00
5509,0.00
5509,-8.89
5510,0.00
5511,0.00
5512,0.00
5513,-8.89
5514,0.00
5515,0.00
5516,8.89
5517,0.00
5518,0.00
5519,0.00
5520,-8.89
5521,0.00
5522,-8.89
5523,-8.89
5524,-8.89
5525,0.00
5525,0.00
5526,-8.89
5527,-8.89
5528,-8.89
5529,-8.89
5530,-8.89
5531,0.00
5532,0.00
5533,0.00
5534,0.00
5535,0.00
5536,0.00
5537,0.00
5538,0.00
5539,0.00
5540,8.89
5541,8.89
5541,0.00
5542,8.89
5543,0.00
5544,0.00
5545,8.89
5547,8.89
5548,0.00
5549,0.00
5550,8.89
5551,0.00
5552,0.00
5552,0.00
5553,0.00
5554,-8.89
5555,8.89
5556,0.00
5557,-8.89
5558,-8.89
5559,0.00
5560,-8.89
5561,-8.89
5562,-8.89
5563,-8.89
5564,-8.89
5565,0.00
5566,0.00
5567,-8.89
5568,-8.89
5569,-8.89
5570,-8.89
5571,-8.89
5572,0.00
5573,-8.89
5574,0.00
5575,0.00
5576,-8.89
5577,-8.89
5578,-8.89
5579,-8.89
5580,-8.89
5581,0.00
5581,0.00
5582,0.00
5583,8.89
5584,0.00
5585,-8.89
5586,-8.89
5587,0.00
5588,0.00
5590,-8.89
5591,0.00
5592,8.89
5593,8.89
5594,8.89
5595,8.89
5595,0.00
5596,0.00
5597,0.00
5598,8.89
5599,0.00
5600,0.00
5601,8.89
5602,0.00
5603,0.00
5604,0.00
5605,0.00
5606,0.00
5606,-8.89
5607,0.00
5608,0.00
5609,-8.89
5610,-8.89
5611,-8.89
5612,0.00
5613,0.00
5614,-8.89
5615,0.00
5616,-8.89
5617,-8.89
5618,-8.89
5619,-8.89
5620,-8.89
5621,-8.89
5622,-8.89
5623,-8.89
5624,0.00
5625,0.00
5626,0.00
5627,0.00
5628,0.00
5629,0.00
5629,0.00
5630,0.00
5632,0.00
5633,0.00
5634,0.00
5635,0.00
5636,-8.89
5637,-8.89
5638,-8.89
5639,-8.89
5640,0.00
5641,0.00
5642,0.00
5643,0.00
5644,0.00
5644,0.00
5645,0.00
5646,0.00
5647,0.00
5648,0.00
5649,0.00
5650,8.89
5651,8.89
5652,0.00
5653,0.00
5654,0.00
5654,0.00
5655,0.00
5656,0.00
5657,0.00
5658,0.00
5659,0.00
5660,0.00
5661,0.00
5662,0.00
5663,0.00
5664,-8.89
5665,0.00
5666,-8.89
5667,0.00
5667,-17.78
5669,-8.89
5670,-8.89
5671,-8.89
5672,0.00
5672,0.00
5673,-8.89
5675,-8.89
5676,-8.89
5677,-8.89
5678,-8.89
5679,-8.89
5680,-8.89
5681,0.00
5682,0.00
5683,0.00
5684,8.89
5685,0.00
5686,0.00
5687,0.00
5688,8.89
5689,0.00
5690,8.89
5690,0.00
5691,-8.89
5692,-8.89
5693,-8.89
5694,-8.89
5695,8.89
5696,0.00
5697,0.00
5698,0.00
5699,0.00
5700,8.89
5701,0.00
5702,0.00
5703,-8.89
5704,-8.89
5705,-8.89
5706,-8.89
5707,0.00
5708,0.00
5708,8.89
5709,0.00
5710,0.00
5711,-8.89
5712,-8.89
5713,0.00
5714,0.00
5715,0.00
5716,-8.89
5718,0.00
5719,0.00
5720,0.00
5721,0.00
5722,-8.89
5723,-8.89
5724,0.00
5724,0.00
5725,-8.89
5726,-8.89
5727,-8.89
5728,-8.89
5729,-8.89
5730,-8.89
5731,0.00
5732,-8.89
5733,-8.89
5734,-8.89
5735,-8.89
5736,-8.89
5737,-8.89
5738,0.00
5739,0.00
5740,0.00
5741,0.00
5742,0.00
5743,0.00
5744,0.00
5745,0.00
5746,0.00
5746,8.89
5747,0.00
5748,0.00
5749,0.00
5750,0.00
5751,0.00
5752,0.00
5753,0.00
5754,0.00
5755,-8.89
5756,0.00
5757,0.00
5758,0.00
5758,0.00
5760,-8.89
5761,0.00
5762,0.00
5763,0.00
5764,-8.89
5765,-8.89
5766,-8.89
5767,0.00
5768,-8.89
5769,0.00
5770,0.00
5771,0.00
5772,-8.89
5773,-8.89
5774,0.00
5775,0.00
5776,-8.89
5777,0.00
5777,8.89
5778,0.00
5779,0.00
5780,-8.89
5781,8.89
5782,0.00
5783,0.00
5784,0.00
5785,0.00
5786,-8.89
5787,0.00
5788,-8.89
5789,-8.89
5790,0.00
5791,0.00
5791,-8.89
5792,0.00
5793,-8.89
5794,0.00
5795,-8.89
5796,0.00
5797,0.00
5798,0.00
5799,-8.89
5800,0.00
5801,0.00
5803,-8.89
5804,0.00
5805,0.00
5806,0.00
5807,8.89
5807,0.00
5808,8.89
5809,0.00
5810,0.00
5811,0.00
5812,0.00
5813,8.89
5814,0.00
5815,-8.89
5816,0.00
5817,0.00
5818,-8.89
5819,0.00
5820,0.00
5820,-8.89
5821,-8.89
5822,0.00
5823,0.00
5824,8.89
5825,-8.89
5826,0.00
5827,-8.89
5828,-8.89
5829,-8.89
5830,0.00
5831,0.00
5832,0.00
5833,-8.89
5834,0.00
5835,0.00
5836,-8.89
5837,0.00
5838,0.00
5838,0.00
5839,0.00
5840,0.00
5841,-8.89
5842,0.00
5843,-8.89
5844,0.00
5846,-8.89
5847,0.00
5848,0.00
5849,0.00
5850,0.00
5851,0.00
5852,-8.89
5853,0.00
5853,0.00
5854,0.00
5855,0.00
5856,8.89
5857,0.00
5858,0.00
5859,0.00
5860,0.00
5861,0.00
5862,-8.89
5863,0.00
5864,0.00
5865,0.00
5865,0.00
5866,0.00
5867,0.00
5868,0.00
5869,0.00
5870,0.00
5871,0.00
5872,0.00
5873,0.00
5874,0.00
5875,0.00
5875,0.00
5876,8.89
5877,8.89
5878,-8.89
5879,0.00
5880,0.00
5881,0.00
5882,0.00
5883,0.00
5884,0.00
5885,0.00
5886,0.00
5888,0.00
5888,-8.89
5889,-8.89
5890,0.00
5891,0.00
5892,-8.89
5893,-8.89
5894,0.00
5895,-8.89
5896,0.00
5897,-8.89
5898,0.00
5899,0.00
5900,0.00
5901,0.00
5902,8.89
5903,-8.89
5904,0.00
5905,0.00
5905,0.00
5906,0.00
5907,8.89
5908,0.00
5909,0.00
5910,0.00
5911,0.00
5912,0.00
5913,0.00
5914,-8.89
5915,8.89
5916,8.89
5916,8.89
5917,-8.89
5918,8.89
5919,-8.89
5920,-8.89
5921,0.00
5922,-8.89
5923,8.89
5924,0.00
5925,0.00
5926,0.00
5927,0.00
5928,0.00
5929,0.00
5931,0.00
5932,-8.89
5933,0.00
5933,-8.89
5934,0.00
5935,-8.89
5936,-8.89
5937,-8.89
5938,0.00
5939,0.00
5940,0.00
5941,0.00
5942,-8.89
5943,0.00
5944,0.00
5945,0.00
5946,0.00
5947,0.00
5948,0.00
5948,-8.89
5949,0.00
5950,0.00
5951,8.89
5952,-8.89
5953,0.00
5954,-8.89
5955,0.00
5956,0.00
5957,0.00
5958,0.00
5959,0.00
5960,0.00
5961,-8.89
5962,0.00
5962,0.00
5963,0.00
5964,0.00
5965,0.00
5966,0.00
5967,0.00
5968,0.00
5969,8.89
5970,0.00
5971,0.00
5972,0.00
5974,0.00
5974,0.00
5975,0.00
5976,0.00
5977,0.00
5978,0.00
5979,8.89
5980,0.00
5981,-8.89
5982,-8.89
5983,0.00
5984,0.00
5985,-8.89
5986,-8.89
5987,-8.89
5988,0.00
5989,0.00
5989,0.00
5990,-8.89
5991,0.00
5992,-8.89
5993,0.00
5994,0.00
5995,-8.89
5996,-8.89
5997,-8.89
5998,0.00
5999,-8.89
6000,0.00
6001,0.00
6002,0.00
6003,0.00
6004,0.00
6005,8.89
6005,0.00
6006,8.89
6007,8.89
6008,0.00
6009,0.00
6010,0.00
6011,0.00
6012,0.00
6013,0.00
6014,0.00
6016,-8.89
6017,0.00
6018,0.00
6018,0.00
6019,0.00
6020,0.00
6021,-8.89
6022,0.00
6023,0.00
6024,-8.89
6025,0.00
6026,0.00
6027,0.00
6028,0.00
6029,0.00
6030,-8.89
6031,0.00
6031,0.00
6032,0.00
6033,0.00
6034,0.00
6035,-8.89
6036,0.00
6037,-8.89
6038,-8.89
6039,0.00
6040,0.00
6041,0.00
6042,0.00
6043,0.00
6044,0.00
6045,-8.89
6045,-8.89
6046,0.00
6047,0.00
6048,0.00
6049,-8.89
6050,0.00
6051,-8.89
6052,0.00
6053,0.00
6054,0.00
6055,0.00
6056,-8.89
6057,0.00
6059,-8.89
6060,-8.89
6061,0.00
6062,0.00
6063,0.00
6063,0.00
6064,0.00
6065,0.00
6066,0.00
6067,0.00
6068,0.00
6069,0.00
6070,-8.89
6071,0.00
6072,0.00
6073,8.89
6074,0.00
6074,0.00
6075,0.00
6076,0.00
6077,-8.89
6078,0.00
6079,-8.89
6080,0.00
6081,0.00
6082,0.00
6083,0.00
6084,0.00
6085,0.00
6086,-8.89
6087,-8.89
6088,-17.78
6089,0.00
6090,0.00
6090,0.00
6091,-8.89
6092,-8.89
6093,-8.89
6094,-8.89
6095,0.00
6096,-8.89
6097,0.00
6098,0.00
6099,-8.89
6100,-8.89
6102,-8.89
6103,-8.89
6104,-8.89
6105,-8.89
6106,-8.89
6107,0.00
6108,0.00
6109,0.00
6110,0.00
6111,0.00
6112,-8.89
6113,0.00
6114,0.00
6114,0.00
6115,0.00
6116,8.89
6117,0.00
6118,0.00
6119,0.00
6120,0.00
6121,0.00
6122,-8.89
6123,0.00
6124,0.00
6125,0.00
6126,0.00
6126,0.00
6127,-8.89
6128,0.00
6129,0.00
6130,0.00
6131,0.00
6132,-8.89
6133,0.00
6134,0.00
6135,0.00
6136,0.00
6137,0.00
6138,0.00
6138,-8.89
6139,-8.89
6140,-8.89
6141,-8.89
6142,-8.89
6144,-8.89
6145,0.00
6146,-8.89
6147,0.00
6148,-8.89
6149,0.00
6150,0.00
6151,0.00
6152,-8.89
6153,-8.89
6154,-8.89
6155,0.00
6156,-8.89
6157,-8.89
6158,-8.89
6159,0.00
6160,-8.89
6161,-8.89
6162,0.00
6163,-8.89
6164,-8.89
6165,8.89
6166,0.00
6167,0.00
6167,0.00
6168,0.00
6169,8.89
6170,0.00
6171,17.78
6172,0.00
6173,0.00
6174,0.00
6175,0.00
6176,-8.89
6177,8.89
6178,0.00
6179,0.00
6179,-8.89
6180,8.89
6181,0.00
6182,-8.89
6183,0.00
6184,0.00
6185,0.00
6187,-8.89
6188,-8.89
6189,0.00
6190,0.00
6191,0.00
6192,0.00
6193,0.00
6194,-8.89
6195,-8.89
6196,-8.89
6197,0.00
6197,0.00
6198,-8.89
6199,-8.89
6200,0.00
6201,0.00
6202,-8.89
6203,0.00
6204,-8.89
6205,-8.89
6206,0.00
6207,0.00
6208,-8.89
6209,0.00
6210,0.00
6211,-8.89
6212,0.00
6213,0.00
6214,-8.89
6215,0.00
6216,0.00
6216,0.00
6217,-8.89
6218,-8.89
6219,0.00
6220,0.00
6221,-8.89
6222,0.00
6223,0.00
6224,0.00
6225,0.00
6226,0.00
6227,-8.89
6228,0.00
6230,0.00
6231,-8.89
6232,0.00
6232,0.00
6233,0.00
6234,0.00
6235,0.00
6236,0.00
6237,0.00
6238,-8.89
6239,0.00
6240,0.00
6241,0.00
6242,0.00
6243,0.00
6243,-17.78
6245,-8.89
6246,0.00
6246,-8.89
6247,-8.89
6248,-8.89
6249,-8.89
6250,-8.89
6251,-8.89
6252,-8.89
6253,-8.89
6254,-8.89
6255,-8.89
6256,-8.89
6257,0.00
6258,0.00
6259,0.00
6260,0.00
6261,0.00
6262,0.00
6263,0.00
6264,-8.89
6265,0.00
6266,0.00
6267,0.00
6268,0.00
6268,0.00
6269,0.00
6270,0.00
6272,0.00
6273,8.89
6274,0.00
6275,0.00
6276,0.00
6277,0.00
6278,-8.89
6279,0.00
6280,-8.89
6281,0.00
6282,8.89
6282,-8.89
6283,0.00
6284,0.00
6285,-8.89
6286,0.00
6287,0.00
6288,0.00
6289,0.00
6290,-8.89
6291,0.00
6292,0.00
6293,0.00
6294,0.00
6295,0.00
6295,0.00
6296,0.00
6297,-8.89
6298,0.00
6299,0.00
6300,0.00
6301,-8.89
6302,0.00
6303,-8.89
6304,-8.89
6305,-8.89
6306,0.00
6307,0.00
6308,0.00
6309,-8.89
6310,0.00
6311,-8.89
6312,0.00
6312,0.00
6313,-8.89
6315,0.00
6316,0.00
6317,-8.89
6318,-8.89
6319,-8.89
6320,8.89
6321,0.00
6322,0.00
6323,0.00
6324,0.00
6325,0.00
6326,-8.89
6327,-8.89
6328,0.00
6329,0.00
6329,0.00
6330,0.00
6331,8.89
6332,0.00
6333,0.00
6334,0.00
6335,0.00
6336,0.00
6337,0.00
6338,-8.89
6339,0.00
6340,0.00
6341,0.00
6341,0.00
6342,0.00
6343,-8.89
6344,-8.89
6345,-8.89
6346,0.00
6347,0.00
6348,0.00
6349,0.00
6350,0.00
6351,-8.89
6352,-8.89
6353,-8.89
6354,0.00
6355,-8.89
6356,0.00
6358,0.00
6359,0.00
6359,8.89
6360,0.00
6361,0.00
6362,-8.89
6363,0.00
6364,-8.89
6365,0.00
6366,0.00
6367,0.00
6368,0.00
6369,-8.89
6370,0.00
6371,-8.89
6372,0.00
6373,-8.89
6374,0.00
6374,0.00
6375,8.89
6376,0.00
6377,0.00
6378,-8.89
6379,-8.89
6380,-8.89
6381,0.00
6382,0.00
6383,0.00
6384,-8.89
6385,0.00
6386,-8.89
6387,-8.89
6388,-8.89
6389,-8.89
6390,0.00
6391,0.00
6392,0.00
6393,-8.89
6393,0.00
6394,-8.89
6395,0.00
6396,0.00
6397,0.00
6398,0.00
6400,-8.89
6401,0.00
6402,-8.89
6403,-8.89
6404,-8.89
6405,-8.89
6406,0.00
6407,-8.89
6408,0.00
6409,0.00
6410,0.00
6411,-8.89
6412,0.00
6413,0.00
6413,0.00
6414,-8.89
6415,-8.89
6416,0.00
6417,8.89
6418,0.00
6419,-8.89
6420,-8.89
6421,-8.89
6422,-8.89
6423,0.00
6424,0.00
6425,0.00
6426,0.00
6427,-8.89
6428,-8.89
6429,0.00
6430,8.89
6431,0.00
6431,0.00
6432,8.89
6433,0.00
6434,8.89
6435,8.89
6436,0.00
6437,-8.89
6438,-8.89
6439,0.00
6440,0.00
6441,8.89
6443,0.00
6444,0.00
6444,0.00
6445,-8.89
6446,-8.89
6447,0.00
6448,0.00
6449,0.00
6450,0.00
6451,0.00
6452,0.00
6453,0.00
6454,0.00
6455,0.00
6456,0.00
6456,0.00
6457,0.00
6458,-8.89
6459,0.00
6460,0.00
6461,0.00
6462,0.00
6463,0.00
6464,-8.89
6465,-8.89
6466,0.00
6467,0.00
6468,-8.89
6469,-8.89
6470,0.00
6471,0.00
6472,0.00
6472,0.00
6473,0.00
6474,0.00
6475,0.00
6476,0.00
6477,0.00
6478,-8.89
6479,0.00
6480,-8.89
6481,-8.89
6482,0.00
6483,0.00
6484,-8.89
6486,-8.89
6487,-8.89
6488,0.00
6489,0.00
6489,0.00
6490,0.00
6491,0.00
6492,0.00
6493,0.00
6494,8.89
6495,0.00
6496,-8.89
6497,0.00
6498,0.00
6499,0.00
6500,0.00
6501,-8.89
6502,-17.78
6503,0.00
6503,0.00
6504,0.00
6505,0.00
6506,8.89
6507,0.00
6508,0.00
6509,-8.89
6510,-8.89
6511,0.00
6512,0.00
6513,0.00
6514,-8.89
6515,0.00
6516,0.00
6517,0.00
6517,-8.89
6518,0.00
6519,-8.89
6520,0.00
6521,-8.89
6522,-8.89
6523,0.00
6524,0.00
6525,0.00
6526,0.00
6528,-8.89
6529,-8.89
6530,0.00
6531,0.00
6532,-8.89
6533,0.00
6534,-8.89
6535,0.00
6536,-8.89
6537,0.00
6537,0.00
6538,0.00
6539,-8.89
6540,-8.89
6541,-8.89
6542,-8.89
6543,0.00
6544,-8.89
6545,-8.89
6546,0.00
6547,8.89
6548,0.00
6549,0.00
6550,-8.89
6551,-8.89
6552,-8.89
6553,0.00
6554,0.00
6555,-8.89
6556,0.00
6557,0.00
6557,0.00
6558,0.00
6559,0.00
6560,0.00
6561,0.00
6562,-8.89
6563,-8.89
6564,0.00
6565,0.00
6566,8.89
6567,0.00
6568,0.00
6569,0.00
6569,-8.89
6571,-8.89
6572,-8.89
6573,0.00
6574,0.00
6575,0.00
6576,0.00
6577,-8.89
6578,-8.89
6579,0.00
6580,-8.89
6581,0.00
6582,0.00
6583,0.00
6584,0.00
6585,0.00
6586,0.00
6587,-8.89
6588,0.00
6588,0.00
6589,0.00
6590,8.89
6591,0.00
6592,0.00
6593,-8.89
6594,-8.89
6595,0.00
6596,0.00
6597,0.00
6598,8.89
6599,0.00
6600,0.00
6600,0.00
6601,-8.89
6602,-8.89
6603,0.00
6604,-8.89
6605,0.00
6606,0.00
6607,0.00
6608,-8.89
6609,0.00
6610,0.00
6611,-8.89
6612,0.00
6614,0.00
6615,0.00
6616,0.00
6616,0.00
6617,0.00
6618,-8.89
6619,-8.89
6620,-8.89
6621,-8.89
6622,0.00
6623,0.00
6624,0.00
6625,0.00
6626,0.00
6627,0.00
6628,-8.89
6629,-8.89
6630,-8.89
6631,0.00
6632,0.00
6633,0.00
6633,0.00
6634,0.00
6635,-8.89
6636,-8.89
6637,0.00
6638,0.00
6639,-8.89
6640,0.00
6641,0.00
6642,-8.89
6643,-8.89
6644,0.00
6645,0.00
6646,0.00
6647,0.00
6648,0.00
6649,0.00
6649,0.00
6650,0.00
6651,0.00
6652,-8.89
6653,0.00
6654,0.00
6656,-8.89
6657,-8.89
6658,0.00
6659,-8.89
6660,0.00
6661,-8.89
6662,0.00
6663,0.00
6664,0.00
6665,-8.89
6666,0.00
6666,-8.89
6667,0.00
6668,0.00
6669,0.00
6670,-8.89
6671,-8.89
6672,0.00
6673,-8.89
6674,8.89
6675,-8.89
6676,0.00
6677,-8.89
6678,0.00
6679,0.00
6680,-8.89
6681,-8.89
6682,0.00
6683,0.00
6684,0.00
6684,0.00
6685,-8.89
6686,0.00
6687,0.00
6688,0.00
6689,-8.89
6690,0.00
6691,0.00
6692,0.00
6693,-8.89
6694,-8.89
6695,-8.89
6696,0.00
6697,0.00
6699,0.00
6700,0.00
6700,0.00
6701,0.00
6702,0.00
6703,0.00
6704,0.00
6705,8.89
6706,8.89
6707,0.00
6708,0.00
6709,0.00
6710,0.00
6711,-8.89
6712,-8.89
6713,-17.78
6714,0.00
6715,0.00
6715,0.00
6716,0.00
6717,0.00
6718,0.00
6719,0.00
6720,0.00
6721,-8.89
6722,0.00
6723,0.00
6724,0.00
6725,-8.89
6726,0.00
6727,0.00
6727,-17.78
6729,0.00
6729,-8.89
6730,0.00
6731,0.00
6732,0.00
6733,-8.89
6734,0.00
6735,-8.89
6736,-8.89
6737,0.00
6738,0.00
6739,8.89
6740,-8.89
6742,0.00
6743,0.00
6744,-8.89
6745,-8.89
6746,0.00
6747,-8.89
6748,0.00
6748,0.00
6749,0.00
6750,0.00
6751,0.00
6752,-8.89
6753,0.00
6754,0.00
6755,0.00
6756,0.00
6757,8.89
6758,0.00
6759,0.00
6760,0.00
6760,-8.89
6761,0.00
6762,0.00
6763,0.00
6764,0.00
6765,8.89
6766,0.00
6767,0.00
6768,0.00
6769,0.00
6770,-8.89
6771,-8.89
6772,-8.89
6773,0.00
6774,0.00
6774,-8.89
6775,-8.89
6776,0.00
6777,-8.89
6778,0.00
6779,0.00
6780,0.00
6781,0.00
6782,-8.89
6784,-8.89
6785,0.00
6786,-8.89
6787,-8.89
6788,-8.89
6789,0.00
6790,0.00
6791,0.00
6792,0.00
6793,0.00
6793,0.00
6794,-8.89
6795,0.00
6796,0.00
6797,0.00
6798,0.00
6799,-8.89
6800,0.00
6801,0.00
6802,0.00
6803,-8.89
6804,0.00
6805,8.89
6806,0.00
6806,0.00
6807,-8.89
6808,0.00
6809,-8.89
6810,0.00
6811,0.00
6812,-8.89
6813,0.00
6814,0.00
6815,0.00
6816,0.00
6817,0.00
6818,-8.89
6819,0.00
6820,-8.89
6821,0.00
6822,-8.89
6823,0.00
6823,0.00
6824,0.00
6825,0.00
6827,-8.89
6828,-8.89
6829,0.00
6830,0.00
6831,0.00
6832,0.00
6833,0.00
6834,-8.89
6835,-8.89
6836,-8.89
6837,-8.89
6838,0.00
6839,-8.89
6840,-8.89
6841,0.00
6842,-8.89
6843,0.00
6843,-8.89
6844,0.00
6845,-8.89
6846,0.00
6847,0.00
6848,-8.89
6849,0.00
6850,-8.89
6851,-8.89
6852,0.00
6853,0.00
6854,8.89
6855,0.00
6856,0.00
6857,0.00
6858,0.00
6858,0.00
6859,0.00
6860,0.00
6861,-8.89
6862,-8.89
6863,0.00
6864,0.00
6865,0.00
6866,-8.89
6867,0.00
6868,0.00
6870,-8.89
6871,0.00
6872,0.00
6873,0.00
6873,-8.89
6874,-8.89
6875,0.00
6876,0.00
6877,0.00
6878,-8.89
6879,-8.89
6880,0.00
6881,0.00
6882,0.00
6883,0.00
6884,-8.89
6885,-8.89
6886,0.00
6887,0.00
6888,0.00
6889,-8.89
6890,-8.89
6891,0.00
6891,-8.89
6893,-8.89
6893,-8.89
6894,0.00
6895,0.00
6896,0.00
6897,0.00
6898,0.00
6899,-8.89
6900,0.00
6901,0.00
6902,-8.89
6903,0.00
6904,-8.89
6905,0.00
6906,0.00
6907,0.00
6908,0.00
6908,0.00
6909,0.00
6910,-8.89
6912,0.00
6913,0.00
6914,0.00
6915,0.00
6916,8.89
6917,0.00
6918,0.00
6919,-8.89
6920,-8.89
6921,-8.89
6922,-8.89
6923,0.00
6924,0.00
6924,0.00
6925,8.89
6926,0.00
6927,0.00
6928,0.00
6929,-8.89
6930,-8.89
6931,0.00
6932,0.00
6933,-8.89
6934,-8.89
6935,-8.89
6936,0.00
6937,0.00
6938,-8.89
6939,-8.89
6940,-8.89
6941,0.00
6942,8.89
6942,-8.89
6943,0.00
6944,8.89
6945,0.00
6946,0.00
6947,0.00
6948,0.00
6949,0.00
6950,0.00
6951,-8.89
6952,0.00
6953,0.00
6955,0.00
6956,0.00
6956,0.00
6957,0.00
6958,0.00
6959,-8.89
6960,-8.89
6961,-8.89
6962,0.00
6963,-8.89
6964,8.89
6965,0.00
6966,0.00
6967,0.00
6968,0.00
6969,-8.89
6970,-8.89
6971,0.00
6972,0.00
6972,0.00
6973,0.00
6974,-8.89
6975,0.00
6976,-8.89
6977,-8.89
6978,0.00
6979,-8.89
6980,0.00
6981,0.00
6982,0.00
6983,-8.89
6984,-8.89
6985,0.00
6986,0.00
6987,-8.89
6988,0.00
6989,0.00
6989,0.00
6990,0.00
6991,-8.89
6992,-8.89
6993,0.00
6994,0.00
6995,0.00
6996,0.00
6998,0.00
6999,8.89
7000,0.00
7001,0.00
7002,0.00
7003,8.89
7003,0.00
7004,0.00
7005,-8.89
7006,-8.89
7007,0.00
7008,0.00
7009,8.89
7010,0.00
7011,0.00
7012,0.00
7013,-8.89
7014,0.00
7015,0.00
7016,0.00
7016,0.00
7017,0.00
7018,-8.89
7019,-8.89
7020,0.00
7021,-8.89
7022,0.00
7023,0.00
7024,0.00
7025,8.89
7026,-8.89
7027,-8.89
7028,0.00
7029,-8.89
7030,-8.89
7031,0.00
7032,0.00
7033,0.00
7033,-8.89
7034,0.00
7035,0.00
7036,0.00
7037,-8.89
7038,0.00
7040,0.00
7041,0.00
7042,0.00
7043,0.00
7044,-8.89
7045,0.00
7046,0.00
7047,0.00
7047,0.00
7048,0.00
7049,0.00
7050,-8.89
7051,0.00
7052,0.00
7053,-8.89
7054,-8.89
7055,8.89
7056,0.00
7057,-8.89
7058,0.00
7059,0.00
7060,-8.89
7061,0.00
7062,0.00
7063,0.00
7063,8.89
7064,0.00
7065,0.00
7066,0.00
7067,0.00
7068,-8.89
7069,0.00
7070,-8.89
7071,-8.89
7072,0.00
7073,0.00
7074,0.00
7075,0.00
7076,0.00
7076,0.00
7077,0.00
7078,0.00
7079,0.00
7080,-17.78
7081,0.00
7083,0.00
7084,0.00
7085,-8.89
7086,-8.89
7087,0.00
7088,-8.89
7089,0.00
7090,0.00
7091,0.00
7092,0.00
7092,-8.89
7093,-8.89
7094,0.00
7095,0.00
7096,0.00
7097,0.00
7098,-8.89
7099,0.00
7100,0.00
7101,-8.89
7102,0.00
7103,-8.89
7104,0.00
7105,0.00
7106,0.00
7107,0.00
7108,0.00
7108,0.00
7109,0.00
7110,0.00
7111,0.00
7112,0.00
7113,0.00
7114,0.00
7115,0.00
7116,0.00
7117,0.00
7118,0.00
7118,-8.89
7119,-8.89
7120,0.00
7121,0.00
7122,0.00
7123,0.00
7124,0.00
7126,0.00
7127,0.00
7128,8.89
7129,0.00
7130,0.00
7131,0.00
7132,-8.89
7133,-8.89
7133,-8.89
7134,0.00
7135,-8.89
7136,-8.89
7137,-8.89
7138,0.00
7139,0.00
7140,8.89
7141,-8.89
7142,-8.89
7143,-8.89
7144,0.00
7145,-8.89
7146,8.89
7147,0.00
7148,-8.89
7149,-8.89
7150,0.00
7151,0.00
7152,0.00
7153,-8.89
7154,0.00
7154,0.00
7155,0.00
7156,0.00
7157,0.00
7158,0.00
7159,0.00
7160,-8.89
7161,0.00
7162,0.00
7163,0.00
7164,0.00
7165,0.00
7166,0.00
7166,0.00
7168,0.00
7169,-8.89
7170,0.00
7171,0.00
7172,0.00
7173,-8.89
7174,-8.89
7175,0.00
7176,-8.89
7177,0.00
7178,-8.89
7179,0.00
7180,0.00
7181,0.00
7182,0.00
7182,0.00
7183,0.00
7184,0.00
7185,0.00
7186,-8.89
7187,0.00
7188,0.00
7189,-8.89
7190,0.00
7191,-8.89
7192,8.89
7193,0.00
7194,0.00
7195,0.00
7196,0.00
7196,-8.89
7197,0.00
7198,0.00
7199,0.00
7200,0.00
7201,0.00
7202,0.00
7203,-8.89
7204,-8.89
7205,-8.89
7206,0.00
7207,-8.89
7208,-8.89
7209,0.00
7211,-8.89
7212,-8.89
7213,0.00
7214,0.00
7215,0.00
7215,0.00
7216,0.00
7217,-8.89
7218,0.00
7219,0.00
7220,-8.89
7221,0.00
7222,0.00
7223,0.00
7224,0.00
7225,-8.89
7226,-8.89
7227,-8.89
7228,0.00
7229,0.00
7230,-8.89
7231,8.89
7231,0.00
7232,0.00
7233,0.00
7234,8.89
7235,0.00
7236,0.00
7237,0.00
7238,0.00
7239,0.00
7240,8.89
7241,0.00
7241,0.00
7242,-8.89
7243,0.00
7244,0.00
7245,0.00
7246,0.00
7247,0.00
7248,8.89
7249,0.00
7250,0.00
7251,-8.89
7252,-17.78
7254,-8.89
7255,-8.89
7256,0.00
7257,0.00
7258,8.89
7259,0.00
7259,0.00
7260,0.00
7261,-8.89
7262,0.00
7263,0.00
7264,0.00
7265,0.00
7266,0.00
7267,0.00
7268,0.00
7269,-8.89
7270,0.00
7271,8.89
7271,0.00
7272,0.00
7273,0.00
7274,-8.89
7275,-8.89
7276,0.00
7277,-8.89
7278,-8.89
7279,-8.89
7280,0.00
7281,-8.89
7282,-8.89
7283,0.00
7284,0.00
7285,0.00
7286,0.00
7287,-8.89
7288,-8.89
7289,-8.89
7290,-8.89
7291,0.00
7292,0.00
7292,-8.89
7293,-8.89
7294,-8.89
7296,0.00
7297,0.00
7298,-8.89
7299,0.00
7300,-8.89
7301,0.00
7302,0.00
7303,0.00
7304,0.00
7305,0.00
7306,0.00
7307,0.00
7308,0.00
7308,-8.89
7309,0.00
7310,0.00
7311,-8.89
7312,0.00
7313,0.00
7314,-8.89
7315,0.00
7316,0.00
7317,0.00
7318,-17.78
7319,0.00
7320,0.00
7321,0.00
7322,0.00
7323,0.00
7324,-8.89
7325,-8.89
7326,-8.89
7326,-8.89
7328,0.00
7328,0.00
7329,0.00
7330,-8.89
7331,8.89
7332,0.00
7333,-8.89
7334,-8.89
7335,0.00
7336,0.00
7337,0.00
7339,-8.89
7340,-8.89
7341,0.00
7342,0.00
7343,8.89
7344,0.00
7344,-8.89
7345,0.00
7346,-8.89
7347,-8.89
7348,0.00
7349,-8.89
7350,0.00
7351,0.00
7352,-8.89
7353,0.00
7354,8.89
7355,-8.89
7356,0.00
7357,-8.89
7358,-8.89
7359,-8.89
7360,-8.89
7361,-8.89
7362,0.00
7363,0.00
7364,0.00
7365,8.89
7365,0.00
7366,-8.89
7367,-8.89
7368,0.00
7369,0.00
7370,-8.89
7371,0.00
7372,8.89
7373,8.89
7374,0.00
7375,-8.89
7376,0.00
7377,0.00
7378,0.00
7379,0.00
7379,0.00
7380,0.00
7382,0.00
7383,8.89
7384,0.00
7385,0.00
7386,0.00
7387,-8.89
7388,0.00
7389,0.00
7390,0.00
7391,0.00
7392,0.00
7392,0.00
7393,0.00
7394,0.00
7395,0.00
7396,0.00
7397,0.00
7398,0.00
7399,0.00
7400,0.00
7401,0.00
7402,-8.89
7403,-8.89
7404,0.00
7404,0.00
7405,0.00
7406,0.00
7407,-8.89
7408,0.00
7409,-8.89
7410,0.00
7411,-8.89
7412,0.00
7413,0.00
7414,0.00
7415,-8.89
7416,0.00
7417,0.00
7418,0.00
7418,-8.89
7419,-8.89
7420,-8.89
7421,0.00
7422,0.00
7424,0.00
7425,0.00
7426,0.00
7427,0.00
7428,0.00
7429,0.00
7430,0.00
7431,0.00
7432,0.00
7433,0.00
7433,8.89
7434,0.00
7435,0.00
7436,0.00
7437,0.00
7438,0.00
7439,0.00
7440,0.00
7441,8.89
7442,0.00
7443,0.00
7443,0.00
7444,0.00
7445,0.00
7446,-8.89
7447,0.00
7448,0.00
7449,-8.89
7450,-8.89
7451,0.00
7452,-8.89
7453,0.00
7454,-8.89
7455,0.00
7456,0.00
7457,8.89
7458,-8.89
7459,0.00
7459,0.00
7460,-8.89
7461,-8.89
7462,0.00
7463,8.89
7464,-8.89
7465,-8.89
7467,0.00
7468,0.00
7469,0.00
7470,0.00
7471,-8.89
7472,0.00
7473,0.00
7474,0.00
7475,0.00
7476,-8.89
7477,0.00
7477,0.00
7478,-8.89
7479,0.00
7480,0.00
7481,0.00
7482,0.00
7483,0.00
7484,0.00
7485,0.00
7486,0.00
7487,0.00
7488,0.00
7488,8.89
7489,0.00
7490,-8.89
7491,0.00
7492,8.89
7493,0.00
7494,0.00
7495,0.00
7496,0.00
7497,0.00
7498,0.00
7499,0.00
7500,0.00
7500,0.00
7501,-8.89
7502,-8.89
7503,-8.89
7504,-8.89
7505,0.00
7506,-8.89
7507,0.00
7508,-8.89
7510,0.00
7511,0.00
7512,-8.89
7513,0.00
7514,-8.89
7515,0.00
7516,0.00
7517,0.00
7518,-8.89
7519,0.00
7520,-8.89
7521,0.00
7521,0.00
7522,0.00
7523,0.00
7524,0.00
7525,-8.89
7526,0.00
7527,-8.89
7528,0.00
7529,0.00
7530,0.00
7531,0.00
7532,0.00
7533,0.00
7533,-8.89
7534,0.00
7535,0.00
7536,0.00
7537,-8.89
7538,0.00
7539,0.00
7540,-8.89
7541,-8.89
7542,-8.89
7543,-8.89
7544,-8.89
7545,0.00
7546,-8.89
7547,0.00
7548,0.00
7549,0.00
7550,0.00
7552,0.00
7552,0.00
7553,-8.89
7554,-8.89
7555,0.00
7556,0.00
7557,-8.89
7558,-8.89
7559,-8.89
7560,0.00
7561,0.00
7562,-8.89
7563,0.00
7564,0.00
7565,0.00
7566,0.00
7567,0.00
7568,0.00
7568,-8.89
7569,-8.89
7570,0.00
7571,0.00
7572,0.00
7573,-8.89
7574,-8.89
7575,0.00
7576,-8.89
7577,0.00
7578,0.00
7579,0.00
7580,0.00
7581,-8.89
7582,0.00
7583,-8.89
7584,0.00
7585,-8.89
7586,0.00
7587,-8.89
7587,0.00
7588,0.00
7589,0.00
7590,0.00
7591,0.00
7592,0.00
7593,-8.89
7595,-8.89
7596,-8.89
7597,0.00
7598,0.00
7599,-8.89
7600,0.00
7601,0.00
7602,-8.89
7603,-8.89
7604,0.00
7605,0.00
7605,0.00
7606,0.00
7607,0.00
7608,-8.89
7609,-8.89
7610,-8.89
7611,0.00
7612,8.89
7613,0.00
7614,0.00
7615,0.00
7616,0.00
7617,-8.89
7618,-8.89
7619,-8.89
7620,0.00
7621,0.00
7621,0.00
7622,-8.89
7623,0.00
7624,-8.89
7625,0.00
7626,0.00
7627,-8.89
7628,-8.89
7629,0.00
7630,0.00
7631,0.00
7632,0.00
7633,0.00
7634,-8.89
7635,0.00
7636,-8.89
7638,0.00
7638,-8.89
7639,0.00
7640,0.00
7641,-8.89
7642,0.00
7643,0.00
7644,-8.89
7645,0.00
7646,-8.89
7647,0.00
7648,0.00
7649,0.00
7650,-8.89
7651,0.00
7652,0.00
7653,0.00
7653,8.89
7654,8.89
7655,0.00
7656,0.00
7657,-8.89
7658,-8.89
7659,0.00
7660,0.00
7661,0.00
7662,0.00
7663,0.00
7664,-8.89
7665,0.00
7666,0.00
7667,-8.89
7668,0.00
7668,0.00
7669,0.00
7670,0.00
7671,-8.89
7672,0.00
7673,0.00
7674,0.00
7675,0.00
7676,0.00
7677,0.00
7678,-8.89
7680,-8.89
7681,0.00
7682,0.00
7682,-8.89
7683,0.00
7684,-8.89
7685,0.00
7686,-8.89
7687,0.00
7688,-8.89
7689,-8.89
7690,0.00
7691,0.00
7692,0.00
7693,-8.89
7694,-8.89
7695,0.00
7696,0.00
7697,0.00
7698,0.00
7699,0.00
7699,-8.89
7700,0.00
7701,0.00
7702,-8.89
7703,0.00
7704,0.00
7705,0.00
7706,0.00
7707,0.00
7708,0.00
7709,0.00
7710,-8.89
7711,-8.89
7712,0.00
7713,0.00
7714,0.00
7714,0.00
7715,0.00
7716,-8.89
7717,0.00
7718,-8.89
7719,-8.89
7720,0.00
7721,0.00
7723,0.00
7724,0.00
7725,0.00
7726,0.00
7727,-8.89
7728,0.00
7729,-8.89
7730,-8.89
7731,0.00
7731,8.89
7732,0.00
7733,0.00
7734,-8.89
7735,0.00
7736,0.00
7737,-8.89
7738,0.00
7739,0.00
7740,-8.89
7741,0.00
7742,0.00
7743,-8.89
7744,0.00
7745,-8.89
7746,0.00
7746,8.89
7747,0.00
7748,0.00
7749,0.00
7750,0.00
7751,0.00
7752,-8.89
7753,0.00
7754,0.00
7755,0.00
7756,0.00
7757,-8.89
7758,-8.89
7759,-8.89
7760,0.00
7761,-8.89
7761,0.00
7762,0.00
7763,0.00
7764,0.00
7766,0.00
7767,0.00
7768,-8.89
7769,-8.89
7770,-8.89
7771,0.00
7772,0.00
7773,8.89
7774,0.00
7775,0.00
7776,0.00
7776,-8.89
7777,-8.89
7778,0.00
7779,0.00
7780,0.00
7781,0.00
7782,0.00
7783,0.00
7784,0.00
7785,0.00
7786,0.00
7787,0.00
7788,0.00
7788,-8.89
7789,-8.89
7790,0.00
7791,-8.89
7792,-8.89
7793,0.00
7794,0.00
7795,0.00
7796,0.00
7797,0.00
7798,0.00
7799,0.00
7800,-8.89
7801,-8.89
7802,0.00
7803,-8.89
7804,-8.89
7805,0.00
7806,0.00
7808,0.00
7808,-8.89
7809,8.89
7810,0.00
7811,-8.89
7812,-8.89
7813,0.00
7814,0.00
7815,0.00
7816,0.00
7817,-8.89
7818,0.00
7819,-8.89
7820,-8.89
7821,-8.89
7822,0.00
7823,0.00
7824,8.89
7825,0.00
7825,0.00
7826,0.00
7827,0.00
7828,0.00
7829,8.89
7830,0.00
7831,0.00
7832,8.89
7833,0.00
7834,0.00
7835,0.00
7835,-8.89
7836,0.00
7837,0.00
7838,0.00
7839,0.00
7840,-8.89
7841,-8.89
7842,-8.89
7843,-8.89
7844,-8.89
7845,-8.89
7846,-8.89
7847,0.00
7848,-8.89
7849,-8.89
7851,-8.89
7852,-8.89
7853,0.00
7854,-8.89
7855,0.00
7856,0.00
7857,0.00
7858,0.00
7859,8.89
7859,-8.89
7860,-8.89
7861,-8.89
7862,0.00
7863,0.00
7864,0.00
7865,0.00
7866,0.00
7867,-8.89
7868,-8.89
7869,0.00
7870,8.89
7871,0.00
7872,-8.89
7873,0.00
7874,0.00
7875,-8.89
7876,-8.89
7877,0.00
7877,0.00
7878,0.00
7879,0.00
7880,0.00
7881,-8.89
7882,-8.89
7883,-8.89
7884,-8.89
7885,0.00
7886,-8.89
7887,-8.89
7888,0.00
7889,0.00
7890,-8.89
7891,0.00
7892,-8.89
7894,0.00
7895,0.00
7896,0.00
7896,0.00
7897,0.00
7898,8.89
7899,-8.89
7900,0.00
7901,0.00
7902,0.00
7903,0.00
7904,-8.89
7905,0.00
7906,-8.89
7907,-8.89
7908,0.00
7909,0.00
7910,0.00
7911,0.00
7911,8.89
7912,0.00
7913,-8.89
7914,0.00
7915,0.00
7916,-8.89
7917,-8.89
7918,0.00
7919,0.00
7920,-8.89
7921,0.00
7922,0.00
7923,0.00
7924,-8.89
7925,0.00
7926,0.00
7926,0.00
7927,0.00
7928,0.00
7929,-8.89
7930,0.00
7931,0.00
7932,0.00
7933,8.89
7934,0.00
7936,0.00
7937,0.00
7938,0.00
7939,0.00
7939,0.00
7940,-8.89
7941,0.00
7942,-8.89
7943,-8.89
7944,-8.89
7945,-8.89
7946,0.00
7947,0.00
7948,-8.89
7949,0.00
7950,0.00
7951,0.00
7952,0.00
7953,-8.89
7954,0.00
7955,0.00
7956,0.00
7956,0.00
7957,0.00
7958,0.00
7959,-8.89
7960,-8.89
7961,0.00
7962,0.00
7963,0.00
7964,0.00
7965,0.00
7966,0.00
7967,0.00
7968,0.00
7968,-8.89
7969,0.00
7970,0.00
7971,0.00
7972,0.00
7973,0.00
7974,0.00
7975,-8.89
7976,-8.89
7977,-8.89
7979,-8.89
7980,-8.89
7981,-8.89
7982,8.89
7983,0.00
7984,-8.89
7985,0.00
7986,0.00
7987,0.00
7987,8.89
7988,0.00
7989,0.00
7990,0.00
7991,0.00
7992,0.00
7993,0.00
7994,0.00
7995,0.00
7996,0.00
7997,0.00
7998,0.00
7998,-8.89
7999,0.00
8000,-8.89
8001,0.00
8002,-8.89
8003,0.00
8004,-8.89
8005,0.00
8006,-8.89
8007,0.00
8008,-8.89
8009,0.00
8010,-8.89
8011,0.00
8012,0.00
8013,-8.89
8014,0.00
8015,0.00
8016,0.00
8016,-8.89
8017,0.00
8018,0.00
8019,0.00
8020,8.89
8022,8.89
8023,0.00
8024,-8.89
8025,0.00
8026,0.00
8027,0.00
8028,-8.89
8029,0.00
8030,8.89
8030,0.00
8031,0.00
8032,0.00
8033,0.00
8034,-8.89
8035,-8.89
8036,-8.89
8037,0.00
8038,0.00
8039,0.00
8040,0.00
8041,-8.89
8042,-8.89
8043,-8.89
8044,0.00
8045,0.00
8046,0.00
8047,8.89
8047,0.00
8048,0.00
8049,0.00
8050,-8.89
8051,-8.89
8052,-8.89
8053,0.00
8054,0.00
8055,-8.89
8056,8.89
8057,0.00
8058,0.00
8059,-8.89
8060,0.00
8061,-8.89
8062,0.00
8064,0.00
8064,0.00
8065,0.00
8066,0.00
8067,-8.89
8068,-8.89
8069,-8.89
8070,0.00
8071,0.00
8072,0.00
8073,0.00
8074,0.00
8075,-8.89
8076,-8.89
8077,0.00
8078,0.00
8079,0.00
8079,0.00
8080,0.00
8081,-8.89
8082,-8.89
8083,0.00
8084,0.00
8085,0.00
8086,-17.78
8087,0.00
8088,0.00
8089,0.00
8090,0.00
8091,0.00
8092,0.00
8093,-8.89
8094,0.00
8094,0.00
8095,-8.89
8096,0.00
8097,8.89
8098,0.00
8099,0.00
8100,-8.89
8101,0.00
8102,-8.89
8103,0.00
8104,0.00
8105,0.00
8107,0.00
8108,0.00
8109,-8.89
8110,0.00
8110,0.00
8111,-8.89
8112,0.00
8113,8.89
8114,0.00
8115,0.00
8116,8.89
8117,0.00
8118,0.00
8119,-8.89
8120,0.00
8121,0.00
8122,-8.89
8123,0.00
8123,0.00
8124,0.00
8125,0.00
8126,0.00
8127,-8.89
8128,0.00
8129,0.00
8130,0.00
8131,-8.89
8132,0.00
8133,-8.89
8134,-8.89
8135,0.00
8136,0.00
8137,-17.78
8138,0.00
8139,0.00
8139,0.00
8140,-8.89
8141,-8.89
8142,0.00
8143,0.00
8144,0.00
8145,-8.89
8146,0.00
8147,0.00
8148,0.00
8150,0.00
8151,0.00
8152,0.00
8153,0.00
8154,0.00
8154,0.00
8155,0.00
8156,0.00
8157,0.00
8158,0.00
8159,0.00
8160,0.00
8161,0.00
8162,0.00
8163,-8.89
8164,8.89
8165,-8.89
8166,0.00
8166,-8.89
8167,0.00
8168,-8.89
8169,0.00
8170,0.00
8171,-8.89
8172,0.00
8173,-8.89
8174,0.00
8175,-8.89
8176,0.00
8177,0.00
8178,-8.89
8179,0.00
8180,-8.89
8181,0.00
8182,8.89
8183,0.00
8183,0.00
8184,0.00
8185,-8.89
8186,8.89
8187,0.00
8188,0.00
8189,-8.89
8190,0.00
8192,0.00
8193,-8.89
8194,0.00
8195,0.00
8196,-8.89
8197,0.00
8198,0.00
8199,0.00
8199,0.00
8200,0.00
8201,-8.89
8202,0.00
8203,-8.89
8204,0.00
8205,0.00
8206,0.00
8207,0.00
8208,0.00
8209,0.00
8210,-8.89
8211,0.00
8212,8.89
8212,0.00
8213,0.00
8214,0.00
8215,-8.89
8216,0.00
8217,0.00
8218,0.00
8219,0.00
8220,0.00
8221,0.00
8222,0.00
8223,0.00
8223,0.00
8224,0.00
8225,-8.89
8226,0.00
8227,0.00
8228,-8.89
8229,-8.89
8230,0.00
8231,0.00
8232,0.00
8233,-8.89
8235,-8.89
8236,0.00
8237,0.00
8238,0.00
8239,0.00
8240,0.00
8240,0.00
8241,0.00
8242,0.00
8243,0.00
8244,0.00
8245,0.00
8246,0.00
8247,0.00
8248,0.00
8249,0.00
8250,0.00
8250,0.00
8251,0.00
8252,-8.89
8253,0.00
8254,8.89
8255,8.89
8256,0.00
8257,-8.89
8258,0.00
8259,-8.89
8260,-8.89
8261,0.00
8262,8.89
8263,0.00
8264,0.00
8264,-8.89
8265,0.00
8266,0.00
8267,-8.89
8268,0.00
8269,0.00
8270,0.00
8271,0.00
8272,0.00
8273,0.00
8274,-8.89
8275,-8.89
8276,-8.89
8278,-8.89
8279,-8.89
8280,0.00
8281,0.00
8282,0.00
8283,0.00
8283,0.00
8284,-8.89
8285,0.00
8286,0.00
8287,8.89
8288,-8.89
8289,-8.89
8290,-8.89
8291,-8.89
8292,0.00
8293,-8.89
8294,-8.89
8295,0.00
8296,0.00
8297,0.00
8298,0.00
8299,8.89
8300,0.00
8300,-8.89
8301,-8.89
8302,-8.89
8303,-8.89
8304,0.00
8305,0.00
8306,0.00
8307,-8.89
8308,0.00
8309,-8.89
8310,0.00
8311,0.00
8312,0.00
8313,0.00
8314,0.00
8315,-8.89
8316,-8.89
8317,-8.89
8318,0.00
8320,-8.89
8321,8.89
8321,-8.89
8322,0.00
8323,0.00
8324,0.00
8325,0.00
8326,0.00
8327,-8.89
8328,0.00
8329,0.00
8330,0.00
8331,0.00
8332,0.00
8333,0.00
8333,0.00
8334,-8.89
8335,0.00
8336,-8.89
8337,0.00
8338,-8.89
8339,0.00
8340,0.00
8341,0.00
8342,0.00
8343,-8.89
8344,-8.89
8345,-8.89
8346,0.00
8347,0.00
8348,-8.89
8349,0.00
8350,0.00
8351,-8.89
8351,0.00
8352,0.00
8353,0.00
8354,0.00
8355,8.89
8356,0.00
8357,0.00
8358,0.00
8359,0.00
8360,0.00
8361,0.00
8363,-8.89
8364,-8.89
8365,0.00
8365,0.00
8366,0.00
8367,0.00
8368,-8.89
8369,0.00
8370,-8.89
8371,0.00
8372,0.00
8373,0.00
8374,-8.89
8375,-8.89
8376,0.00
8377,0.00
8378,-8.89
8379,8.89
8380,0.00
8380,0.00
8381,0.00
8382,-8.89
8383,8.89
8384,-8.89
8385,0.00
8386,-8.89
8387,0.00
8388,-8.89
8389,8.89
8390,-8.89
8391,0.00
8392,0.00
8393,0.00
8394,0.00
8395,-8.89
8396,0.00
8396,0.00
8397,0.00
8398,-8.89
8399,-8.89
8400,0.00
8401,-8.89
8402,-8.89
8403,-8.89
8404,0.00
8406,0.00
8407,-8.89
8408,0.00
8409,8.89
8410,0.00
8411,-8.89
8412,0.00
8413,0.00
8414,8.89
8415,0.00
8415,0.00
8416,0.00
8417,-8.89
8418,-8.89
8419,0.00
8420,0.00
8421,-8.89
8422,0.00
8423,0.00
8424,0.00
8425,0.00
8426,-8.89
8427,-8.89
8428,0.00
84