0,715
0,721
0,720
1,728
1,725
1,727
2,714
2,698
3,691
3,675
3,652
4,633
4,612
4,590
5,572
5,545
5,528
6,500
6,485
6,462
7,431
7,414
7,384
8,365
8,330
9,316
10,306
10,294
11,295
12,309
12,331
13,357
14,394
14,439
15,477
16,524
16,561
17,609
18,647
18,680
19,698
20,714
20,722
21,718
22,698
22,674
23,643
24,602
24,561
25,519
26,483
26,436
27,390
28,347
28,317
29,300
30,292
30,284
31,286
32,310
32,338
33,370
34,417
34,453
35,494
35,536
36,578
37,623
37,662
38,692
39,704
39,707
40,714
41,703
41,682
43,651
44,616
44,576
45,534
46,491
46,450
47,412
48,363
48,319
49,301
50,297
50,282
51,284
52,296
52,318
53,355
54,388
54,435
55,478
56,512
56,560
57,599
58,646
58,679
59,688
60,706
60,712
61,714
62,686
62,661
63,630
64,590
64,549
65,507
66,465
66,427
67,378
68,333
68,302
69,292
70,285
70,275
71,279
72,301
72,332
73,365
74,406
74,453
75,490
76,536
76,573
77,618
78,656
78,678
79,690
80,700
80,705
81,697
82,670
82,640
83,605
84,563
84,525
86,484
87,443
87,399
88,356
89,312
89,295
90,281
91,279
91,268
92,288
93,311
93,344
94,382
95,422
95,466
96,507
97,548
97,593
98,640
99,671
99,680
100,691
101,700
101,699
102,674
103,640
104,598
104,546
105,505
106,459
107,411
107,360
108,311
109,292
110,281
110,274
111,276
112,301
113,336
113,376
114,422
115,469
116,516
116,563
117,614
118,656
119,678
119,692
120,702
121,700
122,674
122,642
123,604
124,557
125,509
125,463
126,415
128,364
129,315
129,290
130,279
131,269
132,267
132,293
133,324
134,363
135,410
135,456
136,504
137,550
138,601
138,645
139,670
140,684
141,696
141,698
142,675
143,644
143,608
144,561
145,513
146,467
146,419
147,370
148,320
149,290
149,277
150,268
151,261
152,286
152,314
153,351
154,397
155,445
155,491
156,538
157,587
158,634
158,663
159,680
160,691
161,695
161,676
162,647
163,612
164,566
164,519
165,473
166,425
167,376
167,327
168,289
169,276
171,266
171,258
172,278
173,304
174,340
174,385
175,432
176,479
177,525
177,575
178,622
179,657
180,673
180,685
181,691
182,676
183,651
183,615
184,570
185,524
186,478
186,431
187,381
188,332
189,289
189,273
190,262
191,255
192,269
192,294
193,329
194,372
195,420
195,467
196,513
197,562
198,610
198,649
199,666
200,679
201,686
201,677
202,653
203,617
204,575
204,529
205,482
206,435
207,387
207,337
208,290
209,271
209,259
210,255
211,259
212,284
212,318
214,361
215,406
216,455
216,500
217,548
218,598
219,641
219,661
220,672
221,681
222,679
222,654
223,620
224,580
225,534
225,487
226,440
227,392
228,342
228,292
229,271
230,259
231,250
231,251
232,276
233,308
234,349
234,395
235,442
236,488
237,536
237,587
238,630
239,655
240,669
240,678
241,679
242,654
243,623
243,585
244,538
245,491
246,444
246,398
247,347
248,297
249,270
249,257
250,248
251,243
252,269
252,298
253,336
254,383
256,429
256,476
257,524
258,574
259,618
259,645
260,662
261,672
262,678
262,655
263,625
264,590
265,543
265,496
266,450
267,401
268,352
268,302
269,267
270,256
271,246
271,238
272,259
273,289
273,323
274,370
275,417
276,464
276,511
277,559
278,606
279,641
279,653
280,668
281,673
282,654
282,628
283,592
284,547
285,500
285,454
286,407
287,357
288,308
288,267
289,254
290,242
291,234
291,251
292,277
293,313
294,357
294,405
295,450
296,498
297,547
297,594
299,631
300,649
301,660
301,667
302,655
303,631
304,596
304,552
305,505
306,458
307,411
307,364
308,313
309,266
310,251
310,242
311,232
312,242
313,268
313,303
314,345
315,392
316,438
316,485
317,533
318,583
319,623
319,642
320,656
321,663
322,656
322,632
323,598
324,557
325,511
325,462
326,417
327,369
328,318
328,268
329,251
330,237
331,230
331,232
332,258
333,291
334,333
334,378
335,427
336,472
337,520
337,571
338,613
339,635
339,648
340,659
342,658
343,632
343,600
344,561
345,515
346,467
346,421
347,374
348,322
349,273
349,248
350,236
351,227
352,225
352,250
353,282
354,320
355,366
355,414
356,460
357,507
358,558
358,602
359,628
360,642
361,652
361,656
362,633
363,604
364,566
364,519
365,472
366,425
367,378
367,328
368,278
369,247
370,234
370,225
371,220
372,243
373,272
373,308
374,355
375,403
376,448
376,496
377,545
378,590
379,623
379,636
380,649
381,654
382,633
382,607
384,570
385,525
386,477
386,430
387,384
388,335
389,285
389,246
390,232
391,224
392,217
392,235
393,261
394,296
395,343
395,390
396,436
397,482
398,532
398,579
399,616
400,632
401,641
401,649
402,635
403,608
404,574
404,530
405,484
406,436
406,389
407,340
408,292
409,248
409,232
410,221
411,214
412,227
412,251
413,286
414,330
415,376
415,425
416,469
417,519
418,568
418,609
419,626
420,636
421,645
421,636
422,611
423,576
424,535
424,488
425,441
427,393
428,346
428,296
429,248
430,230
431,220
431,213
432,217
433,242
434,277
434,319
435,365
436,413
437,458
437,506
438,557
439,598
440,620
440,632
441,639
442,638
443,613
443,579
444,540
445,493
446,446
446,399
447,352
448,301
449,249
449,228
450,219
451,209
452,210
452,235
453,267
454,306
455,353
455,400
456,446
457,493
458,545
458,588
459,612
460,627
461,636
461,638
462,613
463,583
464,545
464,499
465,451
466,405
467,358
467,307
468,257
470,227
470,216
471,208
472,205
473,227
473,257
474,294
475,341
476,388
476,435
477,482
478,531
479,577
479,607
480,621
481,630
482,634
482,614
483,585
484,550
485,503
485,456
486,410
487,361
488,313
488,262
489,229
490,214
491,205
491,199
492,219
493,247
494,283
494,329
495,377
496,422
497,470
497,520
498,565
499,599
500,614
500,627
501,633
502,615
503,590
503,554
504,509
505,461
506,414
506,369
507,319
508,268
509,226
509,215
510,205
512,196
513,212
513,238
514,273
515,317
516,365
516,410
517,457
518,507
519,554
519,590
520,610
521,622
522,629
522,617
523,592
524,558
525,515
525,469
526,419
527,374
528,326
528,276
529,229
530,212
531,201
531,194
532,204
533,229
534,264
534,306
535,352
536,400
536,445
537,494
538,543
539,584
539,604
540,616
541,625
542,619
542,594
543,562
544,520
545,474
545,425
546,380
547,331
548,281
548,233
549,213
550,200
551,194
551,195
552,220
553,253
555,294
555,340
556,388
557,434
558,482
558,532
559,574
560,597
561,612
561,620
562,621
563,596
564,564
564,525
565,479
566,432
567,384
567,338
568,287
569,237
570,211
570,199
571,191
572,188
573,212
573,244
574,282
575,328
576,376
576,422
577,469
578,520
579,564
579,591
580,605
581,617
582,621
582,597
583,567
584,531
585,483
585,437
586,391
587,343
588,294
588,243
589,211
590,199
591,191
591,185
592,206
593,235
594,271
594,318
595,365
596,411
598,459
598,508
599,553
600,586
600,600
601,613
602,619
603,599
603,571
604,536
605,490
606,444
606,396
607,350
608,301
609,249
609,210
610,198
611,189
612,181
612,198
613,225
614,260
615,306
615,353
616,400
617,446
618,496
618,543
619,580
620,594
621,608
621,613
622,601
623,575
624,540
624,496
625,450
626,404
627,356
627,307
628,258
629,213
630,198
630,188
631,182
632,191
633,216
633,251
634,294
635,340
636,389
636,434
637,483
638,533
640,573
640,590
641,602
642,610
643,603
643,578
644,543
645,501
646,454
646,408
647,361
648,313
649,263
649,214
650,196
651,186
652,177
652,182
653,208
654,242
655,283
655,330
656,377
657,423
658,471
658,522
659,564
660,584
661,598
661,607
662,606
663,580
664,548
664,508
665,462
666,413
666,368
667,320
668,268
669,217
669,195
670,183
671,178
672,175
672,200
673,232
674,271
675,317
675,365
676,412
677,459
678,510
678,553
679,578
680,594
681,601
681,606
683,582
684,551
685,514
685,467
686,419
687,373
688,325
688,275
689,224
690,195
691,182
691,174
692,169
693,193
694,222
694,260
695,306
696,353
697,400
697,448
698,497
699,544
700,573
700,587
701,597
702,602
703,583
703,554
704,518
705,472
706,424
706,379
707,331
708,282
709,230
709,196
710,181
711,173
712,166
712,185
713,212
714,248
715,295
715,342
716,388
717,435
718,484
718,532
719,566
720,582
721,592
721,599
722,583
723,558
724,523
724,477
726,431
727,383
728,338
728,288
729,237
730,196
730,180
731,171
732,163
733,178
733,205
734,239
735,284
736,331
736,376
737,423
738,473
739,520
739,559
740,575
741,588
742,595
742,586
743,560
744,526
745,483
745,438
746,389
747,343
748,295
748,245
749,198
750,180
751,169
751,162
752,170
753,195
754,229
754,272
755,317
756,366
757,411
757,460
758,510
759,552
760,571
760,584
761,593
762,588
763,564
763,530
764,488
765,442
766,395
766,349
768,300
769,250
770,201
770,181
771,167
772,160
773,162
773,188
774,220
775,260
776,307
776,355
777,400
778,448
779,500
779,542
780,567
781,580
782,588
782,590
783,565
784,535
785,496
785,450
786,402
787,354
788,308
788,257
789,207
790,179
791,168
791,158
792,155
793,181
794,212
794,249
795,296
796,344
796,390
797,437
798,488
799,532
799,559
800,575
801,585
802,590
802,566
803,538
804,501
805,455
805,407
806,361
807,313
808,264
808,213
809,181
811,167
812,157
812,151
813,173
814,202
815,238
815,285
816,332
817,379
818,426
818,475
819,522
820,554
821,569
821,579
822,586
823,568
824,541
824,505
825,460
826,413
827,367
827,319
828,270
829,220
830,180
830,168
831,156
832,150
833,166
833,193
834,228
835,273
836,320
836,367
837,413
838,463
839,511
839,548
840,564
841,575
842,582
842,570
843,545
844,509
845,465
845,419
846,373
847,325
848,277
848,226
849,180
850,164
851,157
851,148
852,158
854,183
855,218
855,261
856,307
857,356
858,402
858,450
859,501
860,541
861,559
861,572
862,580
863,572
863,547
864,513
865,472
866,425
866,378
867,332
868,283
869,233
869,184
870,164
871,154
872,145
872,150
873,176
874,210
875,250
875,297
876,345
877,390
878,437
878,489
879,532
880,552
881,568
881,574
882,575
883,549
884,517
884,478
885,432
886,384
887,338
887,290
888,239
889,188
890,165
890,152
891,145
892,143
893,168
893,200
894,238
896,285
897,334
897,379
898,426
899,478
900,521
900,546
901,561
902,570
903,574
903,551
904,521
905,484
906,438
906,391
907,343
908,296
909,246
909,194
910,166
911,153
912,141
912,137
913,162
914,191
915,228
915,275
916,321
917,369
918,416
918,465
919,511
920,542
921,555
921,566
922,573
923,553
924,524
924,489
925,444
926,396
926,349
927,301
928,253
929,203
929,167
930,152
931,143
932,137
932,154
933,181
934,216
935,263
935,310
936,358
937,403
939,452
939,500
940,537
941,552
942,565
942,569
943,555
944,528
945,493
945,449
946,402
947,355
948,308
948,260
949,211
950,166
951,151
951,142
952,134
953,147
954,173
954,207
955,251
956,298
957,346
957,391
958,441
959,490
960,529
960,545
961,558
962,566
963,557
963,532
964,497
965,454
966,408
966,362
967,314
968,266
969,217
969,169
970,152
971,139
972,132
972,139
973,164
974,198
975,241
975,287
976,335
977,380
978,429
978,479
979,522
980,542
982,553
982,563
983,560
984,535
985,501
985,461
986,415
987,368
988,320
988,273
989,222
990,173
991,151
991,139
992,130
993,131
993,157
994,190
995,229
996,276
996,324
997,370
998,417
999,469
999,511
1000,535
1001,544
1002,556
1003,547
1004,520
1004,487
1005,437
1006,383
1007,332
1008,281
1009,223
1009,169
1010,147
1011,136
1012,121
1013,137
1013,167
1014,208
1015,260
1016,312
1017,363
1018,416
1018,473
1019,518
1020,536
1021,547
1022,554
1024,533
1024,506
1025,463
1026,411
1027,359
1028,307
1029,254
1029,198
1030,153
1031,138
1032,129
1033,119
1034,146
1034,184
1035,229
1036,280
1037,334
1038,385
1039,440
1039,492
1040,524
1041,539
1042,551
1043,548
1044,520
1044,487
1045,440
1046,388
1047,336
1048,282
1049,227
1049,170
1050,144
1051,131
1052,117
1053,129
1054,158
1054,198
1055,249
1056,302
1057,354
1058,405
1058,463
1059,509
1060,530
1061,543
1062,552
1063,532
1063,508
1064,467
1065,415
1067,363
1068,312
1069,252
1069,203
1070,154
1071,137
1072,125
1073,115
1074,138
1074,173
1075,218
1076,269
1077,323
1078,373
1079,428
1079,481
1080,516
1081,534
1082,547
1083,548
1084,520
1084,488
1085,442
1086,391
1087,337
1088,286
1089,231
1089,174
1090,143
1091,131
1092,113
1093,120
1094,149
1094,189
1095,238
1096,291
1097,342
1098,395
1099,451
1099,499
1100,522
1101,536
1102,545
1103,532
1103,503
1104,468
1105,418
1106,364
1107,312
1108,260
1108,204
1110,152
1111,132
1112,123
1113,109
1114,131
1114,163
1115,206
1116,258
1117,310
1118,362
1119,416
1119,470
1120,509
1121,527
1122,540
1123,544
1124,519
1124,488
1125,445
1126,393
1127,340
1128,288
1129,233
1129,177
1130,139
1131,127
1132,110
1133,111
1134,140
1134,179
1135,226
1136,279
1137,330
1138,384
1139,439
1139,489
1140,516
1141,530
1142,541
1143,532
1143,504
1144,470
1145,420
1146,367
1147,315
1148,263
1148,207
1149,152
1150,132
1152,118
1153,106
1154,123
1154,153
1155,195
1156,247
1157,300
1158,351
1159,404
1159,461
1160,502
1161,521
1162,534
1163,541
1164,518
1164,490
1165,448
1166,395
1167,343
1168,291
1169,237
1169,182
1170,139
1171,124
1172,105
1173,103
1174,133
1174,170
1175,217
1176,267
1177,321
1178,372
1179,429
1179,479
1180,511
1181,526
1182,537
1183,532
1184,504
1184,472
1185,423
1186,371
1187,319
1188,266
1188,211
1189,154
1190,129
1191,117
1192,103
1193,116
1193,146
1195,185
1196,236
1197,290
1198,341
1199,394
1199,450
1200,496
1201,516
1202,530
1203,537
1204,517
1204,487
1205,450
1206,398
1207,346
1208,296
1209,241
1209,186
1210,137
1211,121
1212,105
1213,98
1213,128
1214,161
1215,206
1216,258
1217,311
1218,361
1218,416
1219,464
1220,502
1221,518
1222,532
1223,534
1223,507
1224,476
1225,432
1226,380
1227,327
1228,270
1228,220
1229,165
1230,129
1231,108
1232,100
1233,103
1233,134
1234,172
1235,221
1236,273
1238,326
1239,378
1239,434
1240,483
1241,508
1242,525
1243,532
1244,521
1244,492
1245,458
1246,407
1247,356
1248,302
1249,244
1249,193
1250,140
1251,120
1252,109
1253,95
1253,117
1254,150
1255,191
1256,242
1257,294
1258,347
1258,400
1259,451
1260,493
1261,511
1262,526
1263,533
1263,511
1264,483
1265,440
1266,388
1267,337
1268,284
1268,230
1269,176
1270,129
1271,116
1272,96
1272,100
1273,125
1274,162
1275,205
1276,259
1277,310
1277,363
1278,412
1280,464
1281,500
1282,516
1283,527
1283,527
1284,502
1285,469
1286,422
1287,370
1288,317
1288,265
1289,210
1290,155
1291,122
1292,110
1293,93
1293,107
1294,134
1295,173
1296,222
1297,276
1297,328
1298,379
1299,431
1300,479
1301,504
1302,519
1302,528
1303,514
1304,488
1305,453
1306,402
1307,350
1307,299
1308,246
1309,189
1310,136
1311,116
1312,104
1312,89
1313,115
1314,144
1315,187
1316,238
1316,292
1317,342
1318,396
1319,446
1320,489
1321,510
1321,521
1323,528
1324,504
1325,472
1326,436
1327,385
1327,332
1328,278
1329,225
1330,168
1331,126
1332,109
1332,93
1333,93
1334,113
1335,147
1336,191
1336,242
1337,297
1338,347
1339,407
1340,455
1340,495
1341,511
1342,522
1343,526
1344,497
1345,466
1345,423
1346,373
1347,314
1348,261
1349,210
1350,154
1350,118
1351,105
1352,89
1353,100
1354,130
1355,164
1355,209
1356,264
1357,320
1358,369
1359,419
1360,470
1360,499
1361,515
1362,524
1363,516
1364,489
1364,455
1366,404
1367,351
1368,299
1369,247
1370,189
1370,136
1371,112
1372,101
1373,87
1374,106
1375,137
1375,178
1376,230
1377,281
1378,334
1379,388
1380,438
1380,485
1381,505
1382,518
1383,525
1384,507
1384,474
1385,438
1386,386
1387,334
1388,283
1389,228
1389,174
1390,119
1391,108
1392,92
1393,91
1393,106
1394,140
1395,183
1396,236
1397,287
1398,340
1398,399
1399,449
1400,488
1401,506
1402,518
1403,522
1403,499
1404,463
1405,424
1406,373
1408,319
1409,262
1409,213
1410,157
1411,118
1412,104
1413,87
1413,93
1414,110
1415,148
1416,193
1417,247
1418,299
1418,350
1419,411
1420,456
1421,493
1422,507
1423,520
1423,517
1424,490
1425,457
1426,410
1427,358
1427,305
1428,252
1429,197
1430,143
1431,111
1432,98
1432,91
1433,87
1434,113
1435,151
1436,199
1436,252
1437,303
1438,355
1439,417
1440,463
1441,491
1441,508
1442,517
1443,511
1444,485
1445,451
1446,401
1446,347
1447,297
1448,244
1449,187
1451,131
1451,108
1452,96
1453,86
1454,93
1455,122
1455,160
1456,210
1457,261
1458,315
1459,361
1460,423
1460,466
1461,495
1462,507
1463,517
1464,506
1465,477
1465,444
1466,392
1467,342
1468,288
1469,235
1470,179
1470,124
1471,103
1472,84
1473,84
1473,94
1474,122
1475,165
1476,215
1477,269
1478,320
1478,367
1479,429
1480,472
1481,496
1482,508
1483,516
1483,499
1484,471
1485,436
1486,384
1487,333
1488,281
1488,226
1489,171
1490,121
1491,100
1492,82
1492,82
1494,97
1495,122
1496,163
1497,215
1497,269
1498,326
1499,373
1500,434
1501,475
1502,495
1502,507
1503,516
1504,494
1505,464
1506,429
1507,377
1507,322
1508,272
1509,218
1510,162
1511,112
1512,92
1512,86
1513,82
1514,92
1514,127
1515,169
1516,220
1517,273
1518,319
1519,373
1519,433
1520,473
1521,493
1522,505
1523,514
1524,494
1524,460
1525,426
1526,372
1527,320
1528,266
1529,214
1529,157
1530,111
1531,97
1532,83
1533,77
1533,94
1534,127
1536,169
1537,221
1538,275
1538,319
1539,373
1540,435
1541,472
1542,494
1543,505
1543,512
1544,489
1545,458
1546,420
1547,370
1548,315
1548,264
1549,210
1550,155
1551,108
1552,86
1552,83
1553,70
1554,97
1555,128
1556,168
1556,220
1557,273
1558,326
1559,374
1560,434
1560,474
1561,490
1562,505
1563,512
1564,489
1565,454
1565,419
1566,367
1567,313
1568,261
1569,211
1570,144
1570,101
1571,91
1572,81
1573,77
1574,98
1574,126
1575,171
1576,222
1577,275
1579,325
1579,374
1580,437
1581,473
1582,489
1583,502
1584,509
1584,486
1585,453
1586,415
1587,365
1588,310
1589,258
1589,203
1590,147
1591,105
1592,89
1593,79
1593,68
1594,91
1595,127
1596,169
1597,222
1597,276
1598,321
1599,375
1600,435
1601,471
1601,492
1602,502
1603,510
1604,486
1605,450
1606,413
1606,354
1607,307
1608,256
1609,201
1610,139
1611,102
1611,87
1612,79
1613,75
1614,92
1614,129
1615,171
1616,222
1617,276
1618,322
1619,377
1619,437
1620,472
1622,490
1623,501
1624,507
1625,482
1625,448
1626,410
1627,357
1628,305
1629,253
1630,197
1630,141
1631,100
1632,86
1633,76
1634,65
1634,90
1635,127
1636,171
1637,223
1638,276
1638,322
1639,382
1640,435
1641,472
1642,489
1643,502
1643,504
1644,481
1645,444
1646,406
1647,354
1647,301
1648,249
1649,194
1650,138
1651,99
1652,84
1652,76
1653,69
1654,95
1655,118
1655,160
1656,212
1657,274
1658,324
1659,371
1660,432
1660,467
1661,486
1662,498
1664,504
1665,480
1666,446
1666,408
1667,356
1668,302
1669,251
1670,197
1670,140
1671,97
1672,85
1673,74
1674,63
1674,89
1675,113
1676,157
1677,208
1678,266
1678,318
1679,372
1680,427
1681,467
1682,485
1683,496
1683,503
1684,481
1685,447
1686,410
1687,358
1687,306
1688,253
1689,199
1690,141
1691,99
1692,83
1692,74
1693,60
1694,87
1695,110
1695,151
1696,203
1697,263
1698,308
1699,362
1700,423
1700,463
1701,481
1702,494
1703,501
1704,481
1705,448
1705,413
1707,361
1708,306
1709,254
1710,202
1710,146
1711,96
1712,83
1713,73
1714,59
1714,84
1715,105
1716,148
1717,199
1718,257
1718,302
1719,362
1720,418
1721,458
1722,480
1723,491
1723,499
1724,480
1725,450
1726,414
1727,361
1728,310
1728,252
1729,204
1730,147
1731,98
1732,82
1732,67
1733,60
1734,80
1735,102
1735,143
1736,193
1737,252
1738,299
1739,352
1740,413
1740,455
1741,477
1742,489
1743,498
1744,482
1745,452
1745,417
1746,364
1747,312
1748,260
1750,206
1751,150
1751,97
1752,82
1753,73
1754,65
1754,78
1755,96
1756,134
1757,183
1757,237
1758,295
1759,347
1760,403
1761,453
1762,472
1762,487
1763,495
1764,486
1765,456
1766,422
1767,366
1767,318
1768,266
1769,214
1770,157
1771,100
1772,82
1772,71
1773,62
1774,69
1775,98
1775,131
1776,179
1777,232
1778,288
1779,343
1779,398
1780,447
1781,471
1782,485
1783,495
1784,484
1784,458
1785,418
1786,374
1787,320
1788,269
1789,216
1789,159
1790,105
1792,82
1793,69
1794,64
1794,63
1795,97
1796,126
1797,174
1797,226
1798,287
1799,333
1800,395
1801,443
1802,464
1802,479
1803,496
1804,490
1805,458
1806,421
1807,377
1807,326
1808,272
1809,217
1810,163
1811,108
1812,81
1812,71
1813,62
1814,62
1815,86
1815,123
1816,171
1817,223
1818,275
1819,328
1819,389
1820,441
1821,465
1822,483
1823,491
1824,488
1824,461
1825,422
1826,380
1827,326
1828,274
1829,216
1829,165
1830,107
1831,82
1832,71
1833,54
1833,58
1835,82
1836,119
1837,166
1838,219
1838,270
1839,323
1840,379
1841,436
1842,464
1842,479
1843,490
1844,488
1845,463
1846,423
1847,381
1847,329
1848,278
1849,222
1850,167
1851,111
1852,77
1852,68
1853,62
1854,59
1855,82
1855,115
1856,160
1857,212
1858,267
1859,323
1860,378
1860,430
1861,463
1862,478
1863,491
1864,489
1864,461
1865,425
1866,383
1867,332
1868,277
1869,226
1869,170
1870,113
1871,81
1872,67
1873,52
1873,58
1874,84
1875,111
1876,156
1878,208
1878,261
1879,319
1880,368
1881,428
1882,456
1883,474
1883,485
1884,491
1885,462
1886,425
1887,385
1887,332
1888,281
1889,227
1890,172
1891,111
1892,79
1892,69
1893,58
1894,48
1895,79
1895,107
1896,150
1897,204
1898,256
1899,308
1900,368
1900,421
1901,458
1902,474
1903,486
1904,486
1905,464
1905,426
1906,386
1907,328
1908,281
1909,230
1909,174
1910,118
1911,79
1912,69
1913,58
1913,45
1914,74
1915,103
1916,147
1917,197
1917,254
1918,304
1920,358
1921,417
1922,452
1923,470
1923,482
1924,488
1925,462
1926,427
1927,389
1927,338
1928,284
1929,232
1930,177
1931,120
1932,80
1932,66
1933,55
1934,46
1935,67
1935,99
1936,136
1937,188
1938,242
1939,300
1939,347
1940,409
1941,451
1942,466
1943,481
1944,488
1944,464
1945,433
1946,397
1947,344
1948,292
1949,240
1949,186
1950,128
1951,81
1952,67
1953,56
1953,50
1954,61
1955,90
1956,128
1956,179
1957,232
1958,284
1959,342
1960,400
1961,445
1961,464
1963,477
1964,487
1965,468
1966,438
1967,403
1967,351
1968,301
1969,248
1970,193
1971,138
1971,88
1972,68
1973,57
1974,51
1974,56
1975,83
1976,121
1977,170
1978,221
1978,275
1979,333
1980,389
1981,437
1982,459
1983,473
1983,483
1984,473
1985,444
1986,405
1987,360
1988,308
1988,254
1989,201
1990,146
1991,90
1992,71
1992,58
1993,45
1994,50
1995,75
1995,113
1996,160
1997,212
1998,265
1999,318
2000,378
2000,430
2001,455
2002,470
2003,482
2004,477
2006,448
2006,411
2007,368
2008,315
2009,262
2010,210
2011,153
2011,96
2012,72
2013,61
2014,45
2014,45
2015,70
2016,104
2017,150
2017,204
2018,255
2019,307
2020,368
2021,421
2022,452
2022,468
2023,481
2024,479
2025,454
2026,416
2027,374
2027,322
2028,270
2029,221
2030,166
2031,103
2032,66
2032,61
2033,50
2034,39
2035,68
2035,100
2036,148
2037,198
2038,253
2039,302
2039,358
2040,418
2041,450
2042,466
2043,477
2044,480
2044,454
2045,417
2046,372
2048,328
2049,272
2050,215
2050,160
2051,109
2052,70
2053,58
2054,43
2054,46
2055,65
2056,97
2057,137
2057,188
2058,243
2059,294
2060,353
2061,409
2062,450
2062,462
2063,475
2064,483
2065,456
2066,424
2067,385
2067,335
2068,280
2069,229
2070,174
2071,116
2072,75
2072,61
2073,49
2074,45
2075,59
2075,88
2076,127
2077,180
2078,232
2079,284
2079,343
2080,400
2081,444
2082,460
2083,473
2083,481
2084,462
2085,429
2086,394
2087,342
2088,284
2088,237
2089,183
2091,125
2092,77
2093,61
2093,50
2094,39
2095,53
2096,82
2096,120
2097,170
2098,221
2099,275
2100,328
2101,390
2101,438
2102,456
2103,470
2104,480
2105,466
2106,436
2106,395
2107,350
2108,298
2109,244
2110,191
2111,129
2111,79
2112,63
2113,53
2114,38
2114,49
2115,75
2116,111
2117,161
2118,213
2118,265
2119,319
2120,380
2121,431
2122,451
2122,468
2123,479
2124,470
2125,440
2126,402
2127,357
2127,304
2128,252
2129,199
2130,142
2131,84
2132,66
2132,52
2134,39
2135,43
2136,66
2136,104
2137,151
2138,205
2139,256
2140,308
2140,369
2141,421
2142,446
2143,466
2144,474
2145,473
2145,445
2146,406
2147,363
2148,311
2149,259
2150,206
2150,150
2151,92
2152,65
2153,54
2153,45
2154,37
2155,61
2156,96
2156,141
2157,189
2158,240
2159,292
2160,352
2161,408
2161,449
2162,459
2163,471
2164,477
2165,452
2166,416
2166,376
2167,324
2168,273
2169,220
2170,164
2171,108
2171,68
2172,54
2173,47
2174,39
2174,57
2176,88
2177,127
2178,179
2179,231
2179,284
2180,343
2181,399
2182,444
2183,456
2184,469
2184,474
2185,455
2186,422
2187,379
2188,333
2188,280
2189,228
2190,174
2191,119
2192,69
2193,56
2193,42
2194,34
2195,54
2196,80
2196,119
2197,170
2198,222
2199,274
2200,334
2200,389
2201,438
2202,453
2203,468
2204,476
2205,458
2205,428
2206,388
2207,342
2208,288
2209,236
2210,184
2210,127
2211,73
2212,57
2213,47
2213,36
2214,48
2215,72
2216,110
2217,160
2217,215
2219,265
2220,318
2221,380
2222,429
2223,450
2223,463
2224,473
2225,462
2226,433
2227,394
2228,348
2228,295
2229,244
2230,191
2231,134
2232,78
2232,58
2233,43
2234,36
2235,39
2235,66
2236,103
2237,151
2238,204
2239,258
2239,308
2240,369
2241,420
2242,448
2243,463
2244,470
2244,466
2245,441
2246,401
2247,358
2248,305
2249,254
2249,199
2250,142
2251,85
2252,60
2253,48
2253,42
2254,33
2255,62
2256,96
2256,142
2257,189
2258,243
2259,293
2260,354
2260,407
2262,446
2263,456
2264,470
2265,473
2266,447
2266,410
2267,371
2268,318
2269,266
2270,213
2271,158
2271,99
2272,64
2273,51
2274,43
2274,31
2275,54
2276,82
2277,127
2277,174
2278,228
2279,280
2280,338
2281,394
2282,441
2282,453
2283,467
2284,474
2285,452
2286,420
2287,377
2287,332
2288,277
2289,225
2290,172
2291,116
2292,65
2292,52
2293,41
2294,31
2295,49
2295,75
2296,113
2297,165
2298,219
2299,269
2299,322
2300,385
2301,433
2302,450
2304,463
2305,472
2305,453
2306,425
2307,385
2308,339
2309,285
2310,234
2310,180
2311,124
2312,72
2313,54
2314,38
2314,31
2315,41
2316,66
2317,106
2317,156
2318,208
2319,259
2320,313
2321,375
2321,424
2322,444
2323,461
2324,471
2325,458
2326,432
2326,391
2327,347
2328,294
2329,242
2330,188
2331,125
2331,76
2332,54
2333,45
2334,32
2334,34
2335,62
2336,98
2337,147
2338,193
2338,247
2339,298
2340,354
2341,411
2342,446
2342,456
2343,468
2344,465
2345,440
2347,400
2348,359
2348,307
2349,255
2350,201
2351,146
2352,88
2353,59
2353,40
2354,36
2355,27
2356,54
2356,92
2357,131
2358,177
2359,233
2360,284
2360,343
2361,397
2362,439
2363,450
2364,465
2364,468
2365,446
2366,410
2367,367
2368,321
2369,267
2369,215
2370,161
2371,103
2372,60
2373,47
2373,30
2374,27
2375,48
2376,78
2376,115
2377,168
2378,223
2379,274
2380,332
2381,389
2381,434
2382,449
2383,460
2384,470
2385,447
2386,417
2386,375
2387,328
2388,274
2390,223
2391,170
2392,112
2392,63
2393,48
2394,37
2395,25
2395,42
2396,68
2397,108
2398,160
2399,213
2399,263
2400,317
2401,379
2402,427
2403,445
2404,460
2404,466
2405,450
2406,423
2407,381
2408,336
2408,283
2409,231
2410,176
2411,121
2412,68
2413,51
2413,34
2414,25
2415,42
2416,63
2416,101
2417,150
2418,202
2419,260
2420,309
2420,370
2421,418
2422,441
2423,456
2424,467
2425,455
2425,429
2426,388
2427,344
2428,292
2429,239
2430,185
2430,130
2432,73
2433,52
2434,40
2434,27
2435,35
2436,58
2437,93
2437,142
2438,188
2439,242
2440,294
2441,349
2442,400
2442,441
2443,452
2444,463
2445,463
2446,437
2447,400
2447,358
2448,307
2449,248
2450,195
2451,147
2452,88
2452,56
2453,41
2454,34
2455,31
2455,51
2456,81
2457,126
2458,174
2458,228
2459,284
2460,337
2461,393
2462,437
2463,447
2463,463
2464,467
2465,444
2466,409
2467,366
2468,320
2468,264
2469,213
2470,159
2471,101
2472,58
2472,43
2473,29
2475,29
2476,49
2476,73
2477,112
2478,164
2479,219
2480,275
2481,329
2481,385
2482,430
2483,446
2484,458
2485,468
2486,445
2486,415
2487,374
2488,327
2489,274
2490,221
2491,167
2491,110
2492,61
2493,44
2494,28
2494,21
2495,43
2496,65
2497,103
2497,156
2498,206
2499,266
2500,313
2501,376
2502,423
2502,444
2503,455
2504,464
2505,451
2506,420
2507,381
2507,334
2508,282
2509,229
2510,175
2511,119
2512,63
2512,48
2513,35
2514,21
2515,39
2515,58
2516,96
2518,147
2519,192
2519,246
2520,304
2521,354
2522,411
2523,442
2524,454
2524,462
2525,458
2526,430
2527,392
2528,348
2529,290
2529,242
2530,190
2531,133
2532,74
2533,50
2533,34
2534,25
2535,31
2536,49
2536,85
2537,131
2538,178
2539,232
2540,290
2540,339
2541,399
2542,436
2543,447
2544,459
2545,465
2545,437
2546,401
2547,356
2548,309
2549,256
2550,198
2550,149
2551,89
2552,54
2553,41
2554,32
2554,29
2555,43
2556,73
2557,118
2557,165
2558,218
2560,275
2561,328
2562,385
2562,428
2563,443
2564,458
2565,465
2566,442
2567,411
2567,368
2568,323
2569,264
2570,218
2571,163
2572,99
2572,63
2573,45
2574,35
2575,27
2575,34
2576,61
2577,105
2578,151
2579,203
2579,262
2580,314
2581,371
2582,418
2583,440
2583,454
2584,463
2585,448
2586,421
2587,381
2588,335
2588,284
2589,230
2590,177
2591,121
2592,66
2593,45
2593,29
2594,22
2595,34
2596,56
2596,92
2597,142
2598,188
2599,243
2600,299
2600,349
2601,406
2603,441
2604,448
2605,460
2605,457
2606,430
2607,392
2608,342
2609,298
2610,243
2610,190
2611,135
2612,78
2613,48
2614,40
2614,24
2615,27
2616,49
2617,81
2617,127
2618,174
2619,229
2620,284
2621,333
2622,393
2622,435
2623,447
2624,459
2625,463
2626,436
2626,400
2627,357
2628,312
2629,255
2630,205
2631,150
2631,92
2632,53
2633,40
2634,25
2634,25
2635,41
2636,69
2637,114
2638,160
2638,214
2639,265
2640,319
2641,379
2642,426
2643,442
2643,454
2644,461
2646,442
2647,412
2648,370
2648,325
2649,269
2650,219
2651,165
2652,108
2653,59
2653,43
2654,31
2655,25
2656,40
2656,62
2657,99
2658,152
2659,200
2660,249
2660,309
2661,366
2662,414
2663,443
2664,449
2665,460
2665,448
2666,422
2667,382
2668,336
2669,284
2669,233
2670,179
2671,122
2672,67
2673,47
2673,29
2674,26
2675,29
2676,53
2676,89
2677,137
2678,183
2679,242
2680,299
2681,349
2681,393
2682,441
2683,449
2684,457
2685,456
2686,433
2686,393
2688,346
2689,297
2690,246
2691,193
2691,137
2692,78
2693,45
2694,31
2695,21
2695,22
2696,44
2697,77
2698,121
2698,168
2699,223
2700,280
2701,329
2702,387
2703,431
2703,443
2704,455
2705,461
2706,437
2707,402
2708,359
2708,312
2709,259
2710,207
2711,151
2712,94
2712,52
2713,34
2714,25
2715,23
2715,37
2716,63
2717,108
2718,155
2719,208
2719,266
2720,313
2721,375
2722,424
2723,440
2724,452
2724,461
2725,445
2726,413
2727,372
2728,325
2729,272
2729,220
2731,166
2732,109
2733,57
2734,43
2734,24
2735,18
2736,33
2737,56
2737,95
2738,146
2739,192
2740,246
2741,304
2741,354
2742,411
2743,440
2744,448
2745,459
2746,450
2746,423
2747,384
2748,339
2749,286
2750,234
2751,181
2751,124
2752,66
2753,44
2754,27
2754,25
2755,27
2756,49
2757,82
2757,133
2758,177
2759,233
2760,290
2761,345
2762,397
2762,434
2763,446
2764,456
2765,458
2766,430
2767,394
2767,347
2768,301
2769,247
2770,195
2771,140
2772,80
2772,47
2774,36
2775,29
2776,25
2776,41
2777,72
2778,117
2779,164
2779,219
2780,275
2781,329
2782,386
2783,426
2784,441
2784,452
2785,460
2786,436
2787,403
2788,359
2789,315
2789,260
2790,208
2791,153
2792,96
2793,53
2793,32
2794,23
2795,24
2796,34
2796,59
2797,104
2798,151
2799,205
2800,260
2800,308
2801,370
2802,418
2803,436
2804,451
2805,458
2805,441
2806,414
2807,373
2808,321
2809,273
2810,222
2810,168
2811,105
2812,60
2813,41
2814,25
2814,16
2816,27
2817,55
2818,93
2818,144
2819,189
2820,242
2821,295
2822,351
2822,405
2823,439
2824,446
2825,456
2826,448
2827,424
2827,384
2828,340
2829,288
2830,236
2831,183
2832,126
2832,70
2833,44
2834,27
2835,20
2835,19
2836,47
2837,81
2838,128
2838,174
2839,229
2840,280
2841,335
2842,393
2843,434
2843,442
2844,454
2845,457
2846,431
2847,394
2848,349
2848,302
2849,249
2850,198
2851,142
2852,84
2852,47
2853,31
2854,27
2855,15
2855,40
2856,69
2857,113
2859,160
2860,215
2860,266
2861,325
2862,381
2863,425
2864,438
2865,451
2865,458
2866,436
2867,405
2868,362
2869,317
2870,261
2870,210
2871,157
2872,101
2873,51
2874,38
2874,21
2875,23
2876,34
2877,60
2877,99
2878,152
2879,207
2880,251
2881,305
2881,367
2882,415
2883,440
2884,449
2885,457
2886,443
2886,416
2887,375
2888,329
2889,275
2890,224
2891,170
2891,114
2892,58
2893,40
2894,23
2894,16
2895,24
2896,50
2897,87
2897,138
2898,186
2899,237
2900,290
2902,345
2903,398
2903,430
2904,447
2905,456
2906,450
2907,428
2908,387
2908,338
2909,288
2910,237
2911,186
2912,128
2913,68
2913,44
2914,25
2915,18
2916,15
2916,41
2917,76
2918,122
2919,171
2919,222
2920,274
2921,329
2922,390
2923,428
2924,440
2924,454
2925,457
2926,432
2927,395
2928,351
2929,303
2929,252
2930,198
2931,142
2932,83
2933,49
2933,28
2934,19
2935,14
2936,33
2936,63
2937,108
2938,156
2939,208
2940,267
2940,314
2941,375
2942,421
2944,436
2945,451
2946,457
2946,438
2947,405
2948,365
2949,317
2950,265
2951,212
2951,158
2952,100
2953,50
2954,38
2955,19
2955,18
2956,30
2957,56
2958,95
2958,149
2959,194
2960,248
2961,300
2962,357
2962,410
2963,437
2964,448
2965,456
2966,444
2967,417
2967,376
2968,332
2969,279
2970,225
2971,173
2972,116
2972,61
2973,39
2974,28
2975,19
2975,20
2976,48
2977,84
2978,133
2978,179
2979,234
2980,285
2981,347
2982,397
2983,435
2983,442
2984,453
2985,451
2987,425
2988,387
2989,339
2989,293
2990,238
2991,187
2992,130
2993,73
2993,44
2994,25
2995,16
2996,13
2996,41
2997,72
2998,118
2999,164
3000,221
3000,271
3001,326
3002,384
3003,427
3004,438
3005,451
3005,456
3006,431
3007,397
3008,352
3009,301
3010,252
3010,201
3011,146
3012,89
3013,46
3014,29
3014,20
3015,11
3016,34
3017,59
3017,105
3018,152
3019,206
3020,257
3021,310
3021,372
3022,419
3023,434
3024,448
3025,455
3026,437
3026,407
3027,366
3028,320
3030,265
3031,215
3032,160
3032,106
3033,51
3034,38
3035,19
3036,12
3036,29
3037,51
3038,92
3038,143
3039,191
3040,242
3041,295
3042,352
3043,407
3043,434
3044,446
3045,452
3046,445
3047,418
3048,377
3048,332
3049,279
3050,229
3051,175
3052,117
3053,60
3053,39
3054,21
3055,20
3056,20
3056,42
3057,80
3058,128
3059,176
3059,228
3060,281
3061,341
3062,395
3063,429
3064,442
3064,452
3065,453
3066,425
3067,387
3068,340
3069,293
3069,241
3070,188
3072,132
3073,73
3074,44
3074,25
3075,22
3076,12
3077,36
3077,67
3078,115
3079,163
3080,215
3081,267
3081,326
3082,382
3083,422
3084,437
3085,449
3086,456
3086,432
3087,397
3088,355
3089,308
3090,255
3091,203
3091,147
3092,88
3093,50
3094,27
3095,19
3095,11
3096,29
3097,56
3098,101
3098,149
3099,201
3100,252
3101,305
3102,368
3102,414
3103,431
3104,448
3105,453
3106,436
3107,410
3107,368
3108,321
3109,269
3110,217
3111,161
3112,105
3112,53
3113,38
3115,19
3116,12
3116,23
3117,51
3118,89
3119,139
3120,187
3120,239
3121,291
3122,347
3123,402
3124,435
3124,442
3125,452
3126,444
3127,419
3128,379
3129,335
3129,282
3130,230
3131,177
3132,114
3133,63
3134,38
3134,22
3135,16
3136,16
3137,38
3137,79
3138,124
3139,173
3140,224
3141,275
3141,332
3142,390
3143,427
3144,437
3145,449
3145,453
3146,426
3147,388
3148,343
3149,298
3150,244
3150,190
3151,137
3152,77
3153,44
3154,24
3154,21
3155,11
3156,35
3158,71
3158,110
3159,158
3160,210
3161,262
3162,322
3163,377
3163,422
3164,436
3165,448
3166,453
3167,432
3167,400
3168,357
3169,311
3170,258
3171,205
3172,151
3172,94
3173,49
3174,28
3175,24
3175,9
3176,23
3177,56
3178,87
3178,138
3179,191
3180,239
3181,291
3182,352
3183,402
3183,433
3184,441
3185,455
3186,444
3187,419
3188,378
3188,335
3189,281
3190,228
3191,177
3192,119
3192,63
3193,38
3194,20
3195,12
3195,13
3196,42
3197,75
3198,124
3200,169
3200,225
3201,277
3202,332
3203,388
3204,427
3205,440
3205,450
3206,452
3207,426
3208,389
3209,343
3210,297
3210,242
3211,191
3212,135
3213,77
3214,43
3214,29
3215,13
3216,8
3216,32
3217,65
3218,105
3219,158
3220,205
3220,257
3221,311
3222,371
3223,419
3224,433
3225,446
3225,453
3226,436
3227,404
3228,362
3229,316
3230,262
3230,211
3231,156
3232,98
3233,50
3234,29
3234,17
3235,10
3236,24
3237,49
3237,93
3238,139
3239,184
3240,239
3241,291
3241,347
3243,396
3244,433
3245,441
3246,452
3247,443
3247,416
3248,376
3249,327
3250,281
3251,227
3252,175
3252,119
3253,61
3254,38
3255,21
3255,18
3256,14
3257,41
3258,75
3258,123
3259,170
3260,226
3261,276
3262,337
3263,388
3263,427
3264,439
3265,451
3266,451
3267,423
3268,387
3268,341
3269,297
3270,241
3271,189
3272,133
3273,76
3273,41
3274,24
3275,19
3276,7
3276,31
3277,64
3278,98
3278,146
3279,205
3280,252
3281,304
3282,367
3283,414
3283,437
3284,444
3286,452
3287,436
3288,406
3289,365
3289,319
3290,267
3291,215
3292,160
3293,105
3294,50
3294,35
3295,17
3296,10
3297,24
3297,48
3298,85
3299,137
3300,184
3300,238
3301,290
3302,346
3303,401
3304,431
3305,441
3305,451
3306,444
3307,415
3308,376
3309,332
3310,280
3310,226
3311,174
3312,116
3313,60
3314,38
3314,20
3315,11
3316,14
3317,39
3317,74
3318,123
3319,168
3320,224
3321,275
3321,331
3322,388
3323,427
3324,437
3325,448
3326,451
3326,423
3328,388
3329,340
3330,295
3331,239
3332,184
3332,131
3333,70
3334,38
3335,21
3335,13
3336,7
3337,28
3338,63
3338,97
3339,145
3340,204
3341,252
3342,304
3342,361
3343,408
3344,435
3345,444
3346,453
3347,436
3347,407
3348,365
3349,319
3350,265
3351,213
3352,159
3352,102
3353,47
3354,32
3355,15
3355,17
3356,23
3357,47
3358,85
3358,137
3359,184
3360,236
3361,290
3362,351
3363,401
3363,430
3364,440
3365,450
3366,444
3367,415
3368,376
3368,332
3369,279
3371,221
3372,174
3373,115
3374,58
3374,34
3375,17
3376,17
3377,14
3377,36
3378,72
3379,121
3380,168
3380,223
3381,274
3382,335
3383,389
3384,424
3385,437
3385,450
3386,451
3387,422
3388,388
3389,340
3390,294
3390,239
3391,188
3392,131
3393,71
3394,41
3394,20
3395,11
3396,8
3397,28
3397,62
3398,97
3399,144
3400,204
3400,250
3401,303
3402,359
3403,407
3404,435
3405,445
3405,452
3406,435
3407,405
3408,364
3409,319
3410,263
3410,212
3411,158
3412,101
3414,41
3415,32
3415,13
3416,10
3417,29
3418,45
3418,84
3419,136
3420,183
3421,234
3422,295
3422,345
3423,396
3424,428
3425,441
3426,450
3427,442
3427,415
3428,375
3429,325
3430,277
3431,227
3432,173
3432,115
3433,57
3434,36
3435,17
3435,9
3436,11
3437,35
3438,74
3438,117
3439,169
3440,217
3441,269
3442,324
3443,383
3443,422
3444,435
3445,445
3446,450
3447,424
3448,390
3448,344
3449,298
3450,245
3451,192
3452,137
3452,79
3453,42
3454,22
3456,18
3456,12
3457,28
3458,57
3459,103
3460,149
3460,203
3461,261
3462,313
3463,369
3464,416
3465,431
3465,443
3466,451
3467,430
3468,400
3469,357
3470,311
3470,258
3471,206
3472,153
3473,95
3474,49
3474,26
3475,20
3476,14
3477,22
3477,47
3478,90
3479,136
3480,183
3480,235
3481,294
3482,350
3483,400
3484,428
3485,438
3485,449
3486,440
3487,413
3488,373
3489,330
3490,277
3490,225
3491,171
3492,114
3493,58
3494,33
3494,18
3495,9
3496,9
3496,38
3497,64
3499,104
3500,158
3501,217
3501,263
3502,323
3503,378
3504,419
3505,434
3506,446
3506,451
3507,426
3508,393
3509,348
3510,301
3511,248
3511,196
3512,142
3513,82
3514,44
3515,22
3515,12
3516,14
3517,25
3518,52
3518,97
3519,144
3520,192
3521,243
3522,302
3522,353
3523,401
3524,431
3525,441
3526,448
3527,434
3527,407
3528,365
3529,320
3530,267
3531,214
3532,162
3532,103
3533,49
3534,30
3535,15
3535,7
3536,12
3537,39
3538,80
3538,118
3539,177
3540,225
3542,276
3543,332
3543,389
3544,423
3545,435
3546,445
3547,446
3548,420
3548,385
3549,331
3550,285
3551,235
3552,181
3553,125
3553,63
3554,36
3555,17
3556,8
3556,4
3557,30
3558,53
3559,93
3559,146
3560,199
3561,253
3562,299
3563,362
3563,405
3564,432
3565,442
3566,450
3567,432
3568,404
3568,361
3569,316
3570,263
3571,211
3572,158
3573,100
3573,45
3574,30
3575,14
3576,10
3576,23
3577,43
3578,80
3579,131
3579,180
3580,232
3581,290
3582,346
3584,397
3585,427
3585,439
3586,447
3587,439
3588,413
3589,373
3590,324
3590,277
3591,225
3592,171
3593,114
3594,56
3594,34
3595,15
3596,9
3597,7
3597,35
3598,60
3599,100
3600,161
3600,213
3601,260
3602,318
3603,376
3604,418
3605,432
3605,445
3606,451
3607,426
3608,393
3609,349
3610,301
3610,248
3611,196
3612,141
3613,81
3614,42
3614,21
3615,10
3616,10
3617,22
3617,48
3618,93
3619,140
3620,189
3621,241
3621,299
3622,351
3623,404
3624,430
3625,440
3625,448
3627,434
3628,407
3629,366
3630,320
3631,268
3631,215
3632,162
3633,104
3634,47
3635,31
3635,12
3636,5
3637,9
3638,39
3638,66
3639,109
3640,168
3641,222
3642,268
3642,329
3643,376
3644,421
3645,434
3646,443
3646,448
3647,421
3648,386
3649,340
3650,293
3651,234
3651,187
3652,132
3653,74
3654,38
3655,18
3655,16
3656,12
3657,26
3658,63
3658,102
3659,149
3660,203
3661,260
3662,314
3663,369
3663,414
3664,429
3665,443
3666,448
3667,426
3667,396
3668,352
3670,306
3671,253
3672,201
3673,147
3673,91
3674,44
3675,21
3676,17
3676,10
3677,20
3678,45
3679,88
3679,135
3680,182
3681,234
3682,293
3683,349
3684,392
3684,426
3685,436
3686,447
3687,437
3688,409
3689,369
3689,319
3690,272
3691,220
3692,167
3693,108
3694,53
3694,32
3695,13
3696,4
3696,7
3697,37
3698,68
3699,104
3699,157
3700,217
3701,262
3702,322
3703,371
3704,418
3704,429
3705,443
3706,446
3707,422
3708,388
3709,344
3709,291
3710,243
3712,192
3713,137
3714,78
3714,38
3715,20
3716,11
3717,10
3717,23
3718,50
3719,96
3720,143
3721,191
3721,243
3722,301
3723,353
3724,400
3725,428
3726,439
3726,448
3727,431
3728,401
3729,361
3730,315
3731,263
3731,212
3732,157
3733,95
3734,49
3734,25
3735,14
3736,10
3737,11
3737,37
3738,78
3739,122
3740,172
3741,224
3741,282
3742,331
3743,388
3744,422
3745,432
3746,445
3746,442
3747,414
3748,376
3749,328
3750,282
3751,229
3751,175
3752,113
3753,61
3755,32
3756,14
3756,11
3757,10
3758,31
3759,67
3759,109
3760,156
3761,210
3762,267
3763,321
3763,370
3764,416
3765,430
3766,441
3767,446
3768,421
3768,388
3769,343
3770,297
3771,242
3772,193
3773,136
3773,75
3774,34
3775,19
3776,16
3776,7
3777,18
3778,51
3779,91
3779,137
3780,191
3781,236
3782,289
3783,353
3783,394
3784,427
3785,436
3786,445
3787,434
3788,406
3788,365
3789,315
3790,268
3791,215
3792,162
3793,103
3793,47
3794,27
3795,11
3796,6
3796,8
3798,37
3799,62
3799,106
3800,165
3801,219
3802,266
3803,325
3804,374
3804,420
3805,431
3806,444
3807,446
3808,421
3809,387
3809,341
3810,293
3811,240
3812,188
3813,132
3814,72
3814,38
3815,15
3816,5
3817,3
3817,24
3818,44
3819,82
3819,135
3820,183
3821,242
3822,289
3823,345
3824,394
3824,427
3825,436
3826,447
3827,434
3828,408
3829,367
3829,317
3830,269
3831,216
3832,164
3833,105
3834,48
3834,27
3835,9
3836,3
3836,4
3837,33
3838,63
3840,99
3840,153
3841,201
3842,258
3843,306
3844,363
3844,406
3845,432
3846,441
3847,448
3848,426
3849,395
3849,351
3850,305
3851,251
3852,199
3853,145
3854,80
3854,42
3855,19
3856,16
3857,1
3857,13
3858,44
3859,82
3859,121
3860,181
3861,228
3862,281
3863,342
3864,387
3864,423
3865,434
3866,444
3867,438
3868,412
3869,372
3869,323
3870,276
3871,223
3872,170
3873,113
3874,55
3874,30
3875,13
3876,9
3876,3
3877,32
3878,55
3879,97
3879,150
3880,199
3881,256
3883,304
3884,366
3885,405
3885,432
3886,439
3887,448
3888,426
3889,395
3889,353
3890,307
3891,253
3892,201
3893,147
3894,89
3894,43
3895,20
3896,11
3897,10
3897,17
3898,42
3899,86
3900,133
3900,179
3901,231
3902,286
3903,341
3904,390
3905,426
3905,437
3906,446
3907,437
3908,410
3909,369
3910,320
3910,272
3911,221
3912,168
3913,110
3914,52
3914,31
3915,15
3916,4
3917,5
3917,35
3918,60
3919,101
3920,154
3920,214
3921,260
3922,314
3923,374
3924,417
3926,428
3926,442
3927,448
3928,423
3929,390
3930,345
3931,293
3931,245
3932,192
3933,138
3934,79
3935,40
3935,18
3936,8
3937,5
3937,21
3938,42
3939,79
3940,130
3941,178
3941,236
3942,283
3943,339
3944,388
3945,424
3946,436
3946,444
3947,437
3948,410
3949,370
3950,321
3951,268
3951,223
3952,169
3953,111
3954,46
3955,30
3955,14
3956,10
3957,7
3957,30
3958,67
3959,104
3960,163
3961,211
3961,262
3962,317
3963,376
3964,416
3965,429
3966,440
3966,444
3968,420
3969,385
3970,341
3971,294
3972,240
3972,188
3973,132
3974,66
3975,36
3976,16
3976,14
3977,1
3978,20
3978,52
3979,85
3980,138
3981,192
3982,238
3982,291
3983,353
3984,395
3985,427
3986,438
3987,445
3987,435
3988,402
3989,361
3990,314
3991,264
3992,212
3992,157
3993,101
3994,46
3995,27
3996,9
3996,1
3997,4
3998,27
3998,64
3999,99
4000,154
4001,201
4001,260
4002,308
4003,364
4004,413
4005,434
4006,439
4006,447
4007,422
4008,390
4009,346
4011,300
4012,247
4012,194
4013,140
4014,80
4015,39
4016,18
4016,5
4017,7
4018,16
4018,42
4019,78
4020,119
4021,170
4022,230
4022,284
4023,334
4024,385
4025,422
4026,432
4027,445
4027,438
4028,412
4029,372
4030,324
4031,278
4032,219
4032,171
4033,114
4034,55
4035,32
4036,10
4036,1
4037,5
4038,29
4038,53
4039,93
4040,147
4041,196
4041,253
4042,307
4043,358
4044,405
4045,430
4046,440
4046,448
4047,426
4048,397
4049,354
4050,307
4051,248
4051,203
4052,148
4054,90
4055,41
4056,20
4056,14
4057,2
4058,10
4059,42
4059,73
4060,117
4061,175
4062,224
4062,282
4063,338
4064,384
4065,422
4066,433
4067,443
4067,440
4068,413
4069,374
4070,326
4071,280
4072,220
4072,173
4073,116
4074,59
4075,32
4076,13
4076,9
4077,0
4078,29
4078,52
4079,92
4080,147
4081,195
4082,253
4082,306
4083,362
4084,404
4085,432
4086,438
4087,448
4087,428
4088,397
4089,357
4090,311
4091,257
4092,205
4092,151
4093,93
4094,44
4096,21
4096,9
4097,10
4098,9
4099,38
4099,72
4100,109
4101,169
4102,222
4103,273
4103,323
4104,376
4105,419
4106,430
4107,442
4107,443
4108,416
4109,379
4110,332
4111,286
4112,232
4112,180
4113,124
4114,65
4115,33
4116,14
4116,6
4117,8
4118,25
4118,47
4119,86
4120,139
4121,186
4122,244
4122,297
4123,348
4124,395
4125,425
4126,434
4127,442
4127,430
4128,401
4129,361
4130,310
4131,262
4132,210
4132,156
4133,98
4134,46
4135,20
4135,12
4136,2
4137,5
4139,28
4139,65
4140,102
4141,162
4142,214
4143,261
4143,315
4144,369
4145,413
4146,428
4147,441
4147,444
4148,418
4149,384
4150,339
4151,292
4152,239
4152,187
4153,132
4154,72
4155,35
4156,15
4156,13
4157,0
4158,19
4159,50
4159,83
4160,130
4161,189
4162,236
4163,295
4163,351
4164,394
4165,424
4166,436
4167,444
4168,430
4168,402
4169,361
4170,311
4171,264
4172,211
4172,158
4173,101
4174,46
4175,26
4176,10
4176,7
4177,12
4178,32
4179,74
4179,110
4180,170
4182,218
4183,274
4184,329
4184,376
4185,417
4186,428
4187,440
4188,441
4189,414
4189,377
4190,330
4191,283
4192,230
4193,179
4194,123
4194,63
4195,31
4196,15
4197,4
4197,5
4198,26
4199,47
4199,87
4200,141
4201,188
4202,245
4203,298
4204,349
4204,397
4205,427
4206,435
4207,444
4208,432
4209,404
4209,356
4210,306
4211,261
4212,208
4213,155
4213,98
4214,48
4215,21
4216,10
4216,2
4217,5
4218,29
4219,66
4219,102
4220,155
4221,217
4222,263
4224,318
4224,373
4225,416
4226,430
4227,441
4228,444
4229,419
4229,383
4230,338
4231,291
4232,238
4233,187
4234,131
4234,70
4235,35
4236,15
4237,5
4237,8
4238,21
4239,49
4239,80
4240,133
4241,180
4242,238
4243,291
4244,342
4244,391
4245,426
4246,435
4247,446
4248,433
4249,405
4249,365
4250,315
4251,268
4252,216
4253,162
4254,105
4254,47
4255,28
4256,8
4256,4
4257,0
4258,30
4259,60
4259,95
4260,149
4261,198
4262,255
4263,309
4263,366
4264,405
4265,431
4267,437
4268,446
4269,424
4269,394
4270,351
4271,303
4272,250
4273,197
4274,144
4274,85
4275,38
4276,16
4277,13
4277,0
4278,10
4279,42
4279,79
4280,126
4281,177
4282,232
4283,284
4284,340
4284,385
4285,421
4286,432
4287,443
4288,437
4289,410
4289,370
4290,321
4291,275
4292,223
4293,169
4294,112
4294,54
4295,30
4296,11
4297,3
4297,5
4298,31
4299,52
4299,94
4300,147
4301,196
4302,254
4303,308
4303,358
4304,403
4305,430
4306,438
4307,445
4308,425
4308,395
4310,352
4311,305
4312,253
4313,201
4314,145
4314,90
4315,39
4316,18
4317,8
4317,6
4318,12
4319,33
4320,75
4320,112
4321,164
4322,224
4323,271
4324,326
4324,377
4325,418
4326,430
4327,441
4328,440
4329,413
4329,375
4330,327
4331,282
4332,229
4333,175
4334,120
4334,60
4335,32
4336,12
4337,2
4337,7
4338,26
4339,53
4339,87
4340,141
4341,189
4342,246
4343,294
4343,351
4344,398
4345,427
4346,434
4347,444
4348,426
4348,398
4349,357
4350,305
4352,259
4353,207
4354,146
4354,96
4355,43
4356,22
4357,15
4357,3
4358,5
4359,35
4360,69
4360,104
4361,158
4362,217
4363,263
4364,318
4364,372
4365,417
4366,428
4367,439
4368,444
4369,417
4369,380
4370,335
4371,289
4372,237
4373,184
4374,128
4374,68
4375,35
4376,16
4377,12
4377,1
4378,19
4379,52
4380,85
4380,135
4381,192
4382,238
4383,297
4384,354
4384,397
4385,427
4386,433
4387,442
4388,428
4389,399
4389,358
4390,306
4391,260
4392,208
4393,154
4395,97
4395,45
4396,22
4397,8
4397,7
4398,8
4399,25
4400,57
4400,102
4401,155
4402,205
4403,256
4404,310
4404,364
4405,413
4406,424
4407,437
4408,444
4409,420
4409,385
4410,343
4411,296
4412,242
4413,190
4414,136
4414,70
4415,38
4416,16
4417,6
4417,8
4418,18
4419,37
4419,76
4420,127
4421,180
4422,233
4423,285
4424,335
4424,391
4425,422
4426,431
4427,440
4428,435
4429,407
4429,368
4430,318
4431,266
4432,220
4433,167
4433,108
4434,53
4435,25
4436,7
4436,9
4438,2
4439,23
4440,55
4440,88
4441,146
4442,192
4443,250
4444,303
4444,353
4445,403
4446,427
4447,433
4448,446
4449,426
4449,396
4450,356
4451,309
4452,256
4453,204
4453,150
4454,91
4455,41
4456,19
4457,15
4457,7
4458,7
4459,36
4459,73
4460,108
4461,163
4462,220
4463,273
4463,327
4464,375
4465,418
4466,429
4467,440
4468,443
4468,415
4469,379
4470,332
4471,285
4472,232
4473,181
4473,124
4474,64
4475,33
4476,13
4476,12
4477,7
4478,21
4480,55
4480,94
4481,143
4482,196
4483,242
4484,302
4484,359
4485,400
4486,427
4487,435
4488,445
4489,427
4489,397
4490,357
4491,310
4492,257
4493,206
4494,151
4494,94
4495,44
4496,19
4497,8
4497,7
4498,9
4499,27
4499,59
4500,106
4501,160
4502,208
4503,259
4503,320
4504,368
4505,414
4506,426
4507,440
4508,445
4508,418
4509,383
4510,339
4511,293
4512,239
4513,187
4513,132
4514,73
4515,34
4516,15
4516,6
4517,5
4518,20
4519,46
4519,78
4520,130
4521,183
4523,236
4524,288
4524,338
4525,389
4526,422
4527,431
4528,442
4529,433
4529,405
4530,365
4531,315
4532,269
4533,217
4534,164
4534,107
4535,48
4536,28
4537,9
4537,9
4538,0
4539,30
4539,59
4540,94
4541,147
4542,195
4543,252
4543,307
4544,356
4545,403
4546,429
4547,435
4548,442
4548,424
4549,392
4550,351
4551,304
4552,250
4553,199
4553,145
4554,86
4555,40
4556,20
4556,14
4557,7
4558,9
4559,33
4559,74
4560,112
4561,164
4562,223
4562,270
4563,330
4564,377
4566,416
4567,430
4568,441
4568,439
4569,412
4570,375
4571,328
4572,275
4573,228
4573,175
4574,120
4575,59
4576,33
4577,12
4577,8
4578,5
4579,26
4579,54
4580,86
4581,141
4582,188
4583,245
4583,298
4584,355
4585,397
4586,426
4587,434
4588,441
4588,426
4589,396
4590,356
4591,304
4592,258
4593,207
4593,152
4594,95
4595,44
4596,19
4596,8
4597,7
4598,8
4598,27
4599,59
4600,104
4601,158
4602,206
4602,257
4603,317
4604,366
4605,413
4606,424
4608,438
4608,442
4609,418
4610,383
4611,339
4612,293
4613,240
4613,188
4614,133
4615,73
4616,33
4617,16
4617,4
4618,6
4619,18
4619,37
4620,76
4621,128
4622,176
4623,233
4623,285
4624,335
4625,385
4626,420
4627,431
4627,440
4628,433
4629,405
4630,366
4631,316
4632,268
4632,217
4633,164
4634,106
4635,47
4636,28
4636,9
4637,10
4638,0
4639,31
4639,63
4640,90
4641,148
4642,197
4642,251
4643,308
4644,357
4645,405
4646,429
4647,436
4647,443
4648,420
4649,389
4651,346
4652,300
4653,247
4653,194
4654,141
4655,82
4656,37
4657,17
4657,13
4658,5
4659,10
4659,42
4660,74
4661,119
4662,179
4663,225
4663,283
4664,339
4665,384
4666,422
4667,430
4668,441
4668,434
4669,406
4670,368
4671,317
4672,271
4673,220
4673,166
4674,108
4675,51
4676,29
4677,8
4677,8
4678,1
4679,20
4679,57
4680,89
4681,144
4682,191
4682,248
4683,302
4684,358
4685,399
4686,426
4687,434
4687,442
4688,424
4689,394
4690,354
4691,302
4692,254
4692,202
4694,148
4695,90
4696,41
4697,18
4697,7
4698,7
4699,10
4699,29
4700,71
4701,107
4702,161
4703,218
4703,270
4704,320
4705,373
4706,415
4707,427
4708,439
4708,440
4709,413
4710,376
4711,330
4712,284
4712,231
4713,178
4714,123
4715,63
4716,33
4716,15
4717,4
4718,7
4719,24
4719,44
4720,82
4721,137
4722,184
4722,241
4723,295
4724,345
4725,392
4726,423
4727,431
4727,439
4728,427
4729,399
4730,358
4731,307
4732,260
4732,208
4733,155
4734,97
4736,47
4737,19
4737,9
4738,9
4739,6
4739,24
4740,54
4741,100
4742,153
4742,207
4743,253
4744,312
4745,363
4746,409
4747,422
4747,436
4748,442
4749,418
4750,385
4751,342
4752,296
4752,243
4753,191
4754,137
4755,77
4756,36
4756,17
4757,13
4758,5
4759,14
4759,45
4760,83
4761,130
4762,182
4762,228
4763,287
4764,343
4765,387
4766,421
4767,430
4767,440
4768,430
4769,404
4770,365
4771,314
4772,267
4772,216
4773,163
4774,104
4775,47
4776,27
4776,10
4777,8
4779,8
4779,31
4780,57
4781,98
4782,152
4783,205
4783,256
4784,310
4785,367
4786,403
4787,429
4788,435
4788,440
4789,419
4790,386
4791,343
4792,297
4793,244
4793,192
4794,138
4795,79
4796,37
4797,17
4797,6
4798,1
4799,15
4799,35
4800,72
4801,123
4802,175
4802,228
4803,280
4804,330
4805,381
4806,417
4807,428
4807,439
4808,434
4809,408
4810,369
4811,321
4812,274
4812,222
4813,169
4814,112
4815,53
4816,30
4816,12
4817,1
4818,4
4819,28
4819,52
4820,91
4822,145
4823,193
4823,250
4824,302
4825,354
4826,399
4827,425
4828,433
4828,440
4829,422
4830,391
4831,350
4832,298
4833,250
4833,200
4834,146
4835,88
4836,41
4837,17
4837,9
4838,7
4839,10
4839,31
4840,72
4841,109
4842,161
4843,221
4843,272
4844,322
4845,374
4846,416
4847,425
4847,437
4848,438
4849,411
4850,373
4851,327
4852,282
4852,228
4853,175
4854,120
4855,59
4856,30
4856,11
4857,9
4858,4
4859,24
4859,51
4860,84
4861,138
4862,185
4862,243
4864,296
4865,355
4866,396
4867,423
4868,430
4868,441
4869,428
4870,396
4871,357
4872,306
4873,259
4873,207
4874,152
4875,96
4876,43
4877,19
4877,14
4878,1
4879,3
4879,32
4880,66
4881,101
4882,155
4883,214
4883,261
4884,315
4885,368
4886,413
4887,426
4887,436
4888,442
4889,415
4890,380
4891,336
4892,289
4892,237
4893,185
4894,129
4895,70
4896,33
4896,13
4897,5
4898,7
4899,21
4899,46
4900,79
4901,132
4902,179
4902,236
4903,289
4904,340
4905,388
4907,421
4908,430
4908,441
4909,430
4910,402
4911,363
4912,312
4913,266
4913,214
4914,160
4915,103
4916,47
4917,26
4917,9
4918,2
4919,0
4919,30
4920,62
4921,94
4922,150
4922,196
4923,253
4924,307
4925,356
4926,403
4927,427
4927,433
4928,442
4929,420
4930,389
4931,347
4932,301
4932,248
4933,195
4934,143
4935,84
4936,38
4936,18
4937,6
4938,7
4938,13
4939,38
4940,75
4941,112
4942,167
4942,224
4943,276
4944,325
4945,377
4946,416
4947,426
4947,438
4948,437
4950,410
4951,371
4952,323
4952,277
4953,225
4954,171
4955,116
4956,57
4957,29
4957,11
4958,7
4959,6
4959,25
4960,48
4961,86
4962,141
4962,189
4963,246
4964,299
4965,355
4966,396
4967,424
4967,431
4968,439
4969,423
4970,394
4971,353
4972,301
4972,254
4973,203
4974,148
4975,90
4976,41
4976,20
4977,13
4978,0
4979,11
4979,37
4980,67
4981,110
4982,169
4982,216
4983,274
4984,329
4985,375
4986,414
4987,428
4987,436
4988,437
4989,410
4990,372
4992,325
4993,278
4993,227
4994,174
4995,118
4996,57
4997,28
4997,12
4998,2
4999,3
4999,24
5000,52
5001,86
5002,140
5003,187
5003,244
5004,297
5005,348
5006,395
5007,422
5008,431
5008,439
5009,424
5010,394
5011,354
5012,303
5013,255
5013,203
5014,150
5015,92
5016,43
5017,17
5017,8
5018,5
5019,7
5019,25
5020,58
5021,103
5022,156
5022,210
5023,256
5024,309
5025,364
5026,410
5027,424
5027,434
5028,441
5029,415
5030,381
5031,337
5032,291
5032,239
5033,186
5035,131
5036,70
5037,32
5037,14
5038,5
5039,5
5039,17
5040,42
5041,75
5042,121
5042,174
5043,232
5044,284
5045,334
5046,384
5047,421
5047,428
5048,439
5049,430
5050,404
5051,364
5052,313
5052,267
5053,215
5054,163
5055,104
5056,47
5057,26
5057,8
5058,1
5059,0
5059,26
5060,59
5061,93
5061,141
5062,189
5063,248
5064,302
5065,358
5066,397
5066,427
5067,432
5068,438
5069,422
5070,391
5071,351
5071,297
5072,249
5073,201
5074,144
5075,86
5076,37
5076,17
5078,13
5079,0
5079,7
5080,29
5081,71
5082,107
5082,167
5083,219
5084,265
5085,321
5086,372
5087,414
5087,427
5088,437
5089,438
5090,411
5091,373
5092,327
5092,280
5093,227
5094,176
5095,119
5096,60
5096,30
5097,13
5098,4
5099,4
5099,23
5100,51
5101,83
5102,138
5102,185
5103,241
5104,295
5105,346
5106,393
5106,422
5107,431
5108,440
5109,426
5110,396
5111,358
5111,304
5112,258
5113,206
5114,152
5115,95
5116,43
5116,20
5117,7
5118,2
5118,5
5120,23
5121,55
5122,101
5122,154
5123,203
5124,254
5125,308
5126,363
5126,409
5127,424
5128,434
5129,439
5130,417
5131,383
5131,339
5132,294
5133,241
5134,189
5135,134
5136,74
5136,34
5137,14
5138,4
5139,5
5139,17
5140,43
5141,74
5141,126
5142,178
5143,231
5144,283
5145,334
5146,384
5146,418
5147,428
5148,440
5149,432
5150,405
5151,366
5151,316
5152,270
5153,219
5154,165
5155,108
5156,51
5156,29
5157,10
5158,10
5159,4
5159,27
5160,66
5161,100
5163,160
5163,207
5164,263
5165,313
5166,367
5167,414
5168,423
5168,436
5169,440
5170,416
5171,380
5172,336
5172,290
5173,237
5174,185
5175,129
5176,71
5177,34
5177,14
5178,11
5179,1
5179,17
5180,48
5181,82
5182,129
5183,189
5183,235
5184,293
5185,349
5186,391
5187,422
5188,430
5188,441
5189,427
5190,400
5191,360
5192,308
5192,261
5193,209
5194,157
5195,98
5196,49
5196,21
5197,11
5198,3
5199,2
5199,26
5200,59
5201,98
5202,153
5202,200
5203,256
5204,310
5206,361
5207,403
5208,428
5208,433
5209,442
5210,418
5211,385
5212,342
5213,296
5213,243
5214,192
5215,138
5216,79
5217,36
5217,17
5218,5
5219,8
5219,15
5220,34
5221,72
5222,117
5222,175
5223,227
5224,280
5225,329
5226,380
5227,416
5227,427
5228,438
5229,434
5230,407
5231,368
5232,320
5232,273
5233,221
5234,167
5235,111
5236,51
5236,28
5237,11
5238,4
5239,5
5239,29
5240,58
5241,91
5242,140
5242,193
5243,249
5244,302
5245,353
5246,399
5248,424
5248,432
5249,439
5250,421
5251,390
5252,349
5253,297
5253,251
5254,200
5255,144
5256,87
5257,38
5257,18
5258,13
5259,2
5259,8
5260,30
5261,72
5262,109
5262,167
5263,221
5264,267
5265,322
5266,374
5267,414
5267,425
5268,437
5269,437
5270,410
5271,373
5272,327
5272,281
5273,228
5274,174
5275,120
5276,54
5277,29
5277,12
5278,7
5279,6
5279,23
5280,51
5281,83
5282,138
5282,186
5283,243
5284,296
5285,352
5286,393
5287,420
5287,434
5288,437
5289,420
5291,397
5292,358
5293,305
5293,256
5294,206
5295,154
5296,94
5297,42
5297,20
5298,6
5299,9
5299,8
5300,24
5301,56
5302,103
5302,157
5303,203
5304,253
5305,308
5306,362
5307,409
5307,424
5308,433
5309,442
5310,416
5311,381
5312,339
5312,290
5313,239
5314,188
5315,133
5316,73
5316,33
5317,14
5318,4
5319,7
5319,17
5320,36
5321,74
5321,125
5322,172
5323,230
5324,283
5325,333
5326,383
5326,418
5327,428
5328,437
5329,430
5330,404
5331,365
5331,316
5332,268
5334,217
5335,164
5336,108
5337,48
5337,28
5338,9
5339,2
5339,0
5340,26
5341,55
5342,88
5342,143
5343,190
5344,248
5345,296
5346,357
5346,399
5347,423
5348,433
5349,439
5350,421
5351,391
5351,351
5352,298
5353,251
5354,201
5355,146
5356,89
5356,40
5357,15
5358,13
5359,0
5359,6
5360,29
5361,70
5361,106
5362,159
5363,219
5364,264
5365,319
5366,372
5366,414
5367,424
5368,434
5369,437
5370,411
5371,373
5371,327
5372,282
5373,229
5374,176
5376,121
5377,59
5377,28
5378,11
5379,6
5379,3
5380,21
5381,48
5382,82
5382,135
5383,183
5384,241
5385,293
5386,344
5387,391
5387,423
5388,429
5389,438
5390,425
5391,396
5391,356
5392,304
5393,257
5394,205
5395,153
5396,94
5396,43
5397,17
5398,6
5399,8
5399,4
5400,22
5401,53
5401,99
5402,147
5403,194
5404,252
5405,305
5405,356
5406,399
5407,426
5408,433
5409,440
5410,418
5410,386
5411,345
5412,292
5413,245
5414,193
5415,140
5415,80
5416,34
5417,16
5419,5
5419,5
5420,10
5421,31
5421,74
5422,112
5423,170
5424,223
5425,275
5426,324
5426,376
5427,416
5428,425
5429,435
5430,435
5430,408
5431,369
5432,321
5433,275
5434,223
5435,169
5435,114
5436,54
5437,26
5438,8
5438,9
5439,1
5440,15
5441,49
5441,82
5442,135
5443,183
5444,240
5445,293
5445,349
5446,392
5447,421
5448,430
5449,438
5450,424
5450,396
5451,355
5452,305
5453,256
5454,205
5454,152
5455,94
5456,42
5457,19
5458,12
5458,5
5459,2
5460,30
5460,62
5462,98
5463,152
5464,201
5465,257
5465,310
5466,367
5467,401
5468,425
5469,434
5470,439
5470,416
5471,383
5472,338
5473,292
5474,240
5474,188
5475,134
5476,75
5477,32
5478,14
5478,11
5479,2
5480,12
5481,44
5481,82
5482,128
5483,180
5484,226
5485,286
5485,336
5486,386
5487,418
5488,427
5489,439
5490,429
5490,401
5491,361
5492,312
5493,264
5494,212
5495,159
5495,102
5496,44
5497,26
5498,6
5498,7
5499,0
5500,21
5500,57
5501,91
5502,145
5504,194
5505,251
5505,304
5506,354
5507,401
5508,425
5509,433
5510,439
5510,419
5511,389
5512,346
5513,300
5514,247
5515,195
5515,141
5516,84
5517,38
5518,15
5518,5
5519,2
5520,10
5520,36
5521,73
5522,110
5523,163
5524,222
5524,274
5525,323
5526,375
5527,415
5528,424
5529,435
5529,435
5530,408
5531,370
5532,324
5533,278
5534,225
5534,171
5535,116
5536,55
5537,26
5538,11
5538,2
5539,2
5540,23
5540,45
5541,85
5542,139
5543,192
5544,244
5544,297
5545,354
5547,395
5548,422
5549,429
5550,438
5550,422
5551,393
5552,353
5553,300
5554,254
5555,203
5555,148
5556,91
5557,40
5558,16
5558,11
5559,5
5560,3
5561,26
5561,67
5562,103
5563,156
5564,215
5564,261
5565,321
5566,369
5567,411
5568,423
5569,434
5569,438
5570,412
5571,375
5572,330
5573,284
5574,225
5574,179
5575,123
5576,63
5577,29
5578,11
5578,9
5579,3
5580,20
5580,41
5581,79
5582,132
5583,180
5584,237
5584,290
5585,340
5586,388
5587,420
5588,429
5590,440
5590,426
5591,399
5592,358
5593,308
5594,261
5595,203
5595,155
5596,98
5597,45
5598,18
5598,8
5599,4
5600,3
5600,21
5601,50
5602,96
5603,144
5604,192
5604,249
5605,302
5606,352
5607,399
5608,426
5608,433
5609,441
5610,420
5611,389
5612,349
5613,296
5613,248
5614,197
5615,144
5616,84
5617,38
5617,15
5618,6
5619,7
5620,9
5620,27
5621,62
5622,109
5623,156
5623,215
5624,262
5625,322
5626,370
5627,414
5627,423
5628,435
5629,439
5630,412
5632,376
5633,330
5633,284
5634,231
5635,181
5636,124
5637,64
5638,30
5638,12
5639,3
5640,4
5640,21
5641,42
5642,80
5643,134
5643,180
5644,237
5645,290
5646,348
5647,389
5648,421
5648,429
5649,439
5650,427
5651,400
5652,359
5653,308
5653,261
5654,209
5655,156
5656,98
5657,47
5657,19
5658,15
5659,6
5660,0
5660,23
5661,63
5662,96
5662,149
5663,198
5664,256
5665,309
5666,364
5667,403
5667,426
5668,433
5669,441
5670,418
5671,384
5672,343
5672,297
5673,244
5675,191
5676,138
5677,80
5677,37
5678,16
5679,10
5680,4
5680,11
5681,42
5682,74
5683,120
5683,179
5684,225
5685,283
5686,334
5687,383
5688,418
5688,429
5689,437
5690,430
5691,403
5692,364
5693,314
5693,267
5694,217
5695,162
5696,105
5697,47
5697,26
5698,7
5699,8
5700,0
5700,27
5701,57
5702,89
5702,144
5703,191
5704,248
5705,301
5706,352
5707,398
5707,423
5708,431
5709,440
5710,421
5711,390
5712,349
5712,298
5713,250
5714,199
5715,144
5716,87
5716,38
5718,16
5719,7
5720,7
5720,9
5721,26
5722,60
5722,107
5723,155
5724,214
5725,260
5726,319
5727,368
5727,411
5728,423
5729,436
5730,438
5731,413
5732,377
5732,332
5733,286
5734,233
5735,182
5736,126
5737,67
5737,31
5738,14
5739,3
5739,4
5740,20
5741,40
5742,79
5742,131
5743,178
5744,237
5745,288
5746,345
5747,388
5747,420
5748,428
5749,437
5750,427
5751,399
5752,359
5752,309
5753,263
5754,211
5755,158
5756,100
5756,36
5757,24
5758,7
5760,6
5760,0
5761,23
5762,61
5762,94
5763,148
5764,196
5765,253
5766,306
5767,356
5767,400
5768,425
5769,431
5770,439
5771,418
5772,386
5772,344
5773,298
5774,244
5775,192
5776,140
5777,81
5777,37
5778,15
5779,12
5779,6
5780,10
5781,41
5782,74
5782,119
5783,177
5784,224
5785,282
5786,332
5787,382
5787,419
5788,427
5789,436
5790,431
5791,405
5792,365
5792,316
5793,269
5794,218
5795,164
5796,108
5797,49
5797,26
5798,9
5799,7
5799,0
5800,20
5801,55
5801,88
5803,143
5804,190
5805,247
5806,301
5807,349
5807,397
5808,425
5809,431
5810,440
5811,422
5812,392
5812,352
5813,300
5814,247
5815,201
5816,148
5817,88
5817,42
5818,18
5819,8
5819,7
5820,10
5821,29
5822,71
5822,106
5823,160
5824,218
5825,269
5826,318
5826,372
5827,414
5828,424
5829,437
5830,438
5831,411
5831,374
5832,328
5833,282
5834,230
5835,178
5836,116
5836,63
5837,31
5838,12
5839,5
5839,4
5840,23
5841,43
5842,82
5842,136
5843,183
5844,240
5846,294
5847,349
5847,392
5848,423
5849,430
5850,439
5851,426
5852,398
5852,358
5853,306
5854,260
5855,207
5856,154
5857,97
5857,45
5858,18
5859,15
5860,0
5860,9
5861,31
5862,64
5862,98
5863,152
5864,201
5865,258
5866,311
5866,366
5867,404
5868,428
5869,433
5870,439
5871,416
5871,383
5872,341
5873,295
5874,242
5875,190
5876,137
5876,79
5877,35
5878,15
5879,5
5879,7
5880,15
5881,35
5881,73
5882,124
5883,175
5884,228
5885,281
5886,331
5886,381
5888,417
5889,428
5890,438
5891,432
5891,406
5892,367
5893,318
5894,272
5895,220
5896,166
5896,111
5897,52
5898,28
5899,10
5900,2
5900,6
5901,28
5902,53
5902,91
5903,146
5904,193
5905,250
5906,304
5906,353
5907,400
5908,425
5909,432
5910,440
5911,421
5911,389
5912,349
5913,302
5914,250
5915,198
5916,144
5916,88
5917,40
5918,17
5919,6
5919,6
5920,11
5921,31
5921,74
5922,110
5923,163
5924,221
5925,272
5926,322
5926,374
5927,414
5928,426
5929,437
5931,436
5931,410
5932,371
5933,325
5934,279
5935,227
5936,173
5936,119
5937,61
5938,30
5939,13
5940,2
5940,4
5941,24
5942,46
5942,85
5943,139
5944,187
5945,244
5946,297
5946,352
5947,394
5948,422
5949,430
5950,438
5951,424
5951,395
5952,354
5953,303
5954,256
5955,206
5956,151
5956,94
5957,43
5958,19
5959,13
5959,0
5960,4
5961,33
5961,69
5962,102
5963,156
5964,215
5965,260
5966,315
5966,368
5967,412
5968,423
5969,435
5970,438
5971,414
5971,377
5972,332
5974,286
5975,235
5976,182
5976,126
5977,67
5978,34
5979,15
5980,11
5980,0
5981,17
5982,51
5982,90
5983,138
5984,190
5985,236
5986,294
5987,345
5987,392
5988,422
5989,431
5990,439
5991,425
5992,395
5992,356
5993,304
5994,258
5995,207
5996,153
5996,96
5997,44
5998,18
5999,8
5999,6
6000,6
6001,24
6001,56
6002,101
6003,154
6004,203
6005,253
6006,307
6006,362
6007,408
6008,421
6009,433
6010,439
6011,416
6011,382
6012,340
6013,293
6014,241
6016,190
6017,134
6017,75
6018,34
6019,17
6020,7
6020,6
6021,17
6022,37
6022,74
6023,125
6024,178
6025,230
6026,282
6026,332
6027,382
6028,417
6029,427
6030,436
6031,431
6031,405
6032,365
6033,316
6034,270
6035,219
6036,166
6036,108
6037,50
6038,28
6039,11
6039,1
6040,7
6041,30
6042,61
6042,94
6043,148
6044,196
6045,252
6046,306
6046,360
6047,401
6048,425
6049,434
6050,442
6051,419
6051,387
6052,347
6053,301
6054,248
6055,196
6056,144
6056,85
6057,39
6059,19
6060,13
6060,2
6061,11
6062,42
6062,80
6063,125
6064,176
6065,223
6066,275
6067,336
6067,381
6068,419
6069,429
6070,437
6071,432
6072,406
6072,368
6073,319
6074,273
6075,220
6076,168
6077,112
6077,52
6078,28
6079,13
6080,8
6080,7
6081,30
6082,58
6082,93
6083,146
6084,194
6085,250
6086,303
6086,354
6087,399
6088,424
6089,434
6090,439
6091,421
6091,390
6092,348
6093,296
6094,250
6095,200
6096,139
6096,87
6097,41
6098,19
6099,8
6099,6
6100,12
6102,32
6103,68
6103,117
6104,162
6105,222
6106,272
6107,322
6107,374
6108,416
6109,426
6110,435
6111,436
6112,410
6112,373
6113,326
6114,279
6115,227
6116,176
6117,121
6117,60
6118,30
6119,14
6120,4
6120,7
6121,25
6122,53
6122,87
6123,134
6124,187
6125,243
6126,296
6126,347
6127,395
6128,422
6129,429
6130,440
6131,423
6131,394
6132,355
6133,303
6134,257
6135,206
6136,152
6136,95
6137,45
6138,22
6139,8
6139,7
6140,9
6141,26
6141,58
6142,104
6144,157
6145,204
6146,254
6147,308
6147,363
6148,409
6149,420
6150,436
6151,438
6151,415
6152,381
6153,337
6154,291
6155,239
6156,188
6156,133
6157,74
6158,35
6159,16
6160,12
6160,1
6161,16
6162,48
6162,80
6163,133
6164,186
6165,231
6166,289
6167,344
6167,387
6168,419
6169,428
6170,437
6171,427
6171,400
6172,360
6173,309
6174,258
6175,212
6176,160
6176,102
6177,40
6178,27
6179,11
6180,10
6180,8
6181,31
6182,71
6182,107
6183,166
6184,213
6185,270
6187,318
6188,371
6188,412
6189,423
6190,437
6191,438
6192,411
6193,375
6193,330
6194,284
6195,231
6196,181
6197,126
6198,65
6198,32
6199,16
6200,6
6200,5
6201,25
6202,45
6203,84
6203,137
6204,184
6205,241
6206,293
6207,344
6208,392
6208,424
6209,431
6210,439
6211,427
6212,398
6213,358
6213,307
6214,262
6215,210
6216,157
6217,101
6217,39
6218,28
6219,12
6220,4
6220,13
6221,33
6222,75
6223,111
6223,170
6224,216
6225,274
6226,322
6227,374
6228,415
6228,426
6230,438
6231,438
6232,410
6233,372
6234,327
6234,275
6235,228
6236,176
6237,121
6238,62
6238,31
6239,22
6240,5
6241,7
6241,27
6242,55
6243,87
6244,140
6244,187
6245,244
6246,298
6247,353
6248,395
6249,422
6249,433
6250,439
6251,425
6252,396
6253,357
6254,305
6254,258
6255,207
6256,153
6257,96
6258,46
6258,22
6259,18
6260,4
6260,6
6261,35
6262,70
6263,105
6263,163
6264,216
6265,262
6266,316
6267,370
6268,414
6268,424
6269,436
6270,440
6272,414
6273,379
6274,334
6274,288
6275,236
6276,185
6277,130
6278,69
6279,37
6279,24
6280,11
6281,0
6281,20
6282,54
6283,86
6284,135
6284,192
6285,237
6286,296
6287,347
6288,394
6289,422
6289,433
6290,440
6291,426
6292,398
6293,359
6294,307
6294,260
6295,209
6296,157
6297,99
6298,48
6298,21
6299,11
6300,3
6301,7
6301,29
6302,68
6303,102
6304,156
6304,215
6305,260
6306,313
6307,368
6308,412
6309,425
6309,436
6310,441
6311,415
6312,380
6313,337
6315,289
6315,239
6316,187
6317,132
6318,71
6319,37
6319,16
6320,6
6321,7
6321,23
6322,48
6323,81
6324,133
6324,186
6325,237
6326,289
6327,339
6328,388
6329,420
6329,429
6330,440
6331,430
6332,404
6333,364
6334,314
6334,268
6335,217
6336,164
6337,108
6338,49
6339,31
6339,18
6340,6
6341,12
6341,31
6342,72
6343,106
6344,166
6345,213
6345,268
6346,322
6347,371
6348,414
6349,426
6350,437
6350,440
6351,414
6352,377
6353,333
6354,287
6355,235
6355,184
6356,128
6358,69
6359,37
6360,15
6360,13
6361,5
6362,22
6362,56
6363,88
6364,136
6365,195
6366,240
6366,298
6367,354
6368,396
6369,424
6370,432
6371,441
6371,426
6372,397
6373,356
6374,306
6375,260
6376,204
6376,155
6377,99
6378,47
6379,23
6379,18
6380,5
6381,8
6382,31
6382,71
6383,105
6384,163
6385,216
6386,267
6386,316
6387,369
6388,413
6389,426
6390,436
6390,440
6391,415
6392,379
6393,335
6394,289
6395,238
6395,186
6396,131
6397,71
6398,37
6400,16
6400,7
6401,9
6402,25
6402,44
6403,82
6404,134
6405,187
6406,239
6406,290
6407,340
6408,389
6409,422
6410,430
6411,441
6411,428
6412,401
6413,362
6414,312
6415,266
6416,215
6416,162
6417,105
6418,48
6419,30
6420,16
6420,4
6421,13
6422,32
6422,73
6423,114
6424,167
6425,213
6426,266
6427,319
6427,372
6428,415
6429,426
6430,436
6431,439
6431,413
6432,376
6433,331
6434,286
6435,233
6436,182
6436,127
6437,67
6438,35
6439,16
6440,7
6440,8
6441,26
6443,47
6443,85
6444,138
6445,190
6446,240
6447,293
6447,349
6448,391
6449,422
6450,431
6451,440
6452,427
6452,399
6453,360
6454,308
6455,262
6456,211
6457,159
6457,101
6458,41
6459,30
6460,17
6460,10
6461,13
6462,43
6463,74
6463,124
6464,170
6465,228
6466,280
6467,334
6468,380
6468,417
6469,426
6470,437
6471,434
6472,409
6473,371
6473,322
6474,275
6475,224
6476,172
6477,117
6478,56
6478,33
6479,13
6480,14
6481,10
6481,35
6482,63
6483,109
6484,156
6484,215
6486,265
6487,313
6488,366
6489,412
6490,423
6490,435
6491,440
6492,415
6493,379
6494,336
6495,291
6495,239
6496,186
6497,133
6498,72
6499,35
6499,16
6500,7
6501,7
6501,23
6502,49
6503,79
6504,132
6505,184
6505,236
6506,288
6507,336
6508,386
6509,421
6510,428
6510,438
6511,429
6512,402
6513,362
6514,313
6515,267
6515,215
6516,164
6517,106
6518,49
6519,28
6519,17
6520,3
6521,11
6521,31
6522,71
6523,112
6524,164
6525,211
6525,268
6526,316
6528,368
6529,412
6530,423
6531,434
6531,438
6532,412
6533,376
6534,331
6535,286
6536,234
6536,183
6537,128
6538,68
6539,34
6540,22
6540,8
6541,6
6542,25
6542,45
6543,82
6544,136
6545,187
6546,238
6546,290
6547,346
6548,389
6549,418
6550,428
6551,438
6551,425
6552,398
6553,358
6554,308
6555,263
6556,212
6556,159
6557,103
6558,39
6559,27
6560,15
6560,9
6561,13
6562,32
6562,72
6563,108
6564,167
6565,212
6566,269
6566,323
6567,369
6568,411
6569,424
6571,434
6572,435
6572,409
6573,372
6574,326
6575,281
6576,229
6577,178
6577,123
6578,63
6579,34
6580,21
6581,11
6581,7
6582,22
6583,56
6583,88
6584,137
6585,194
6586,239
6587,298
6587,347
6588,395
6589,422
6590,430
6591,436
6592,420
6592,391
6593,351
6594,299
6595,253
6596,203
6597,143
6597,90
6598,40
6599,20
6600,8
6600,8
6601,10
6602,30
6603,71
6603,106
6604,159
6605,216
6606,267
6607,315
6607,368
6608,412
6609,422
6610,435
6611,435
6612,410
6612,373
6614,328
6615,282
6616,231
6617,180
6618,125
6618,64
6619,33
6620,21
6621,5
6621,5
6622,24
6623,44
6623,82
6624,135
6625,182
6626,239
6627,291
6627,341
6628,390
6629,421
6630,429
6631,437
6632,424
6632,397
6633,357
6634,307
6635,260
6636,208
6637,156
6637,99
6638,48
6639,20
6640,11
6640,9
6641,4
6642,27
6643,64
6643,98
6644,152
6645,200
6646,255
6647,308
6647,365
6648,400
6649,424
6650,431
6651,439
6651,416
6652,382
6653,340
6654,295
6656,241
6657,191
6657,131
6658,78
6659,36
6660,17
6661,11
6661,6
6662,14
6663,45
6663,76
6664,122
6665,181
6666,227
6667,284
6668,339
6668,382
6669,418
6670,426
6671,436
6672,428
6672,401
6673,362
6674,312
6675,266
6676,215
6677,163
6677,105
6678,47
6679,26
6680,17
6681,9
6681,8
6682,31
6683,58
6683,97
6684,150
6685,203
6686,254
6687,307
6687,356
6688,400
6689,424
6690,432
6691,438
6692,416
6692,384
6693,342
6694,297
6695,244
6696,192
6697,140
6697,80
6699,35
6700,19
6701,6
6701,6
6702,15
6703,34
6703,77
6704,115
6705,174
6706,225
6707,277
6708,326
6708,376
6709,415
6710,425
6711,436
6712,433
6713,405
6713,367
6714,318
6715,273
6716,222
6717,169
6717,113
6718,54
6719,31
6720,18
6721,2
6721,6
6722,29
6723,51
6723,90
6724,144
6725,191
6726,248
6727,301
6727,350
6728,397
6729,423
6730,431
6731,440
6732,419
6732,390
6733,349
6734,298
6735,250
6736,199
6737,146
6737,87
6738,39
6739,17
6740,6
6740,7
6742,11
6743,29
6743,72
6744,107
6745,160
6746,218
6747,269
6748,323
6748,369
6749,410
6750,423
6751,436
6752,434
6753,409
6753,372
6754,325
6755,279
6756,227
6757,176
6758,120
6758,60
6759,31
6760,18
6761,9
6761,6
6762,24
6763,50
6763,83
6764,137
6765,183
6766,239
6767,292
6767,347
6768,390
6769,420
6770,426
6771,436
6772,421
6772,395
6773,354
6774,303
6775,256
6776,205
6777,153
6777,95
6778,45
6779,19
6780,16
6780,7
6781,4
6782,33
6782,66
6784,99
6785,154
6786,201
6787,257
6787,310
6788,359
6789,401
6790,423
6791,430
6792,437
6792,414
6793,380
6794,338
6795,291
6796,240
6797,189
6797,134
6798,76
6799,34
6800,21
6801,5
6801,8
6802,17
6803,36
6803,74
6804,125
6805,176
6806,228
6807,279
6807,329
6808,379
6809,416
6810,424
6811,434
6812,428
6812,402
6813,363
6814,314
6815,269
6816,218
6817,159
6817,108
6818,51
6819,27
6820,14
6820,3
6821,6
6822,29
6822,52
6823,93
6824,146
6825,200
6827,250
6827,302
6828,352
6829,398
6830,421
6831,430
6832,437
6832,416
6833,386
6834,344
6835,293
6836,247
6837,189
6837,136
6838,83
6839,37
6840,22
6841,5
6841,4
6842,12
6843,32
6843,68
6844,116
6845,169
6846,221
6847,272
6847,326
6848,372
6849,412
6850,422
6851,432
6852,432
6852,405
6853,367
6854,320
6855,275
6856,223
6857,171
6857,116
6858,57
6859,29
6860,16
6860,7
6861,6
6862,25
6863,47
6863,85
6864,139
6865,187
6866,243
6866,295
6867,350
6868,393
6870,420
6871,428
6872,437
6872,419
6873,390
6874,351
6875,299
6876,252
6877,202
6877,148
6878,85
6879,41
6880,23
6881,14
6881,0
6882,5
6883,29
6883,69
6884,103
6885,155
6886,215
6887,259
6887,313
6888,367
6889,409
6890,421
6891,432
6892,435
6892,408
6893,372
6894,328
6895,278
6896,231
6897,179
6897,125
6898,64
6899,30
6900,20
6900,4
6901,5
6902,21
6903,42
6903,81
6904,133
6905,180
6906,237
6907,288
6907,338
6908,387
6909,418
6910,426
6912,434
6912,423
6913,396
6914,356
6915,305
6916,259
6917,208
6917,156
6918,98
6919,45
6920,21
6921,10
6921,1
6922,1
6923,31
6923,62
6924,96
6925,150
6926,196
6927,252
6927,305
6928,355
6929,399
6930,422
6931,429
6932,436
6932,414
6933,381
6934,340
6935,288
6936,241
6936,190
6937,137
6938,78
6939,34
6940,23
6940,6
6941,3
6942,14
6942,32
6943,69
6944,119
6945,172
6946,224
6946,275
6947,329
6948,374
6949,411
6950,421
6951,432
6951,429
6952,402
6953,364
6955,316
6956,270
6957,219
6957,166
6958,110
6959,52
6960,26
6961,15
6961,7
6962,5
6963,27
6963,56
6964,88
6965,142
6966,194
6967,245
6967,298
6968,352
6969,395
6970,419
6971,428
6972,435
6972,417
6973,386
6974,346
6975,295
6976,248
6976,197
6977,144
6978,85
6979,37
6980,21
6980,12
6981,0
6982,6
6982,34
6983,69
6984,106
6985,163
6986,217
6986,262
6987,316
6988,368
6989,410
6990,421
6991,432
6991,432
6992,406
6993,369
6994,323
6995,278
6996,226
6996,174
6998,120
6999,59
7000,28
7001,18
7001,1
7002,3
7003,22
7003,50
7004,82
7005,136
7006,182
7007,239
7007,291
7008,341
7009,389
7010,417
7011,426
7012,435
7012,420
7013,391
7014,351
7015,301
7016,255
7017,204
7017,151
7018,94
7019,43
7020,25
7020,6
7021,5
7022,5
7022,23
7023,55
7024,100
7025,147
7026,205
7026,250
7027,303
7028,358
7029,407
7030,418
7031,429
7031,437
7032,412
7033,378
7034,336
7035,291
7036,238
7036,187
7037,132
7038,67
7040,34
7041,21
7041,4
7042,3
7043,15
7043,40
7044,72
7045,122
7046,170
7046,227
7047,279
7048,333
7049,377
7050,415
7051,422
7051,434
7052,426
7053,400
7054,361
7055,312
7056,266
7056,216
7057,163
7058,106
7059,41
7060,24
7060,13
7061,4
7062,4
7062,28
7063,52
7064,92
7065,145
7066,197
7066,248
7067,301
7068,356
7069,395
7070,420
7071,427
7071,436
7072,415
7073,382
7074,342
7075,291
7076,243
7076,192
7077,139
7078,80
7079,35
7080,15
7080,9
7081,3
7083,10
7083,30
7084,65
7085,109
7086,167
7086,219
7087,271
7088,319
7089,369
7090,410
7091,419
7091,433
7092,429
7093,403
7094,365
7095,318
7096,266
7096,221
7097,168
7098,113
7099,54
7100,30
7100,15
7101,0
7102,2
7103,23
7103,46
7104,84
7105,139
7106,184
7106,240
7107,294
7108,343
7109,391
7110,419
7111,425
7111,434
7112,417
7113,388
7114,348
7115,297
7116,250
7116,199
7117,146
7118,88
7119,39
7120,22
7120,4
7121,5
7122,6
7122,23
7123,56
7124,101
7126,149
7126,201
7127,252
7128,305
7129,359
7130,404
7131,418
7131,427
7132,433
7133,408
7134,373
7135,330
7136,283
7136,232
7137,181
7138,126
7139,66
7140,32
7140,18
7141,1
7142,3
7142,16
7143,36
7144,73
7145,125
7146,171
7146,227
7147,281
7148,335
7149,379
7150,413
7150,421
7151,433
7152,423
7153,396
7154,357
7155,308
7155,261
7156,210
7157,158
7158,101
7159,38
7160,22
7160,14
7161,6
7162,5
7162,28
7163,53
7164,93
7165,142
7165,194
7166,251
7168,304
7169,359
7170,395
7171,419
7171,426
7172,432
7173,411
7174,378
7175,336
7176,285
7176,239
7177,187
7178,134
7179,76
7180,32
7180,18
7181,10
7182,0
7183,10
7183,41
7184,78
7185,123
7186,176
7186,220
7187,279
7188,327
7189,378
7190,412
7191,422
7191,432
7192,424
7193,397
7194,359
7195,309
7196,262
7196,211
7197,160
7198,103
7199,39
7200,23
7200,14
7201,0
7202,4
7202,28
7203,54
7204,92
7205,141
7206,193
7206,249
7207,302
7208,351
7209,397
7211,419
7212,426
7212,434
7213,412
7214,379
7215,339
7216,289
7216,240
7217,189
7218,136
7219,77
7220,33
7220,20
7221,2
7222,4
7223,10
7223,30
7224,66
7225,116
7226,164
7226,220
7227,271
7228,320
7229,371
7230,411
7231,418
7231,431
7232,428
7233,401
7234,364
7235,315
7236,269
7236,218
7237,166
7238,110
7239,45
7240,25
7240,15
7241,0
7242,2
7242,23
7243,53
7244,85
7245,139
7246,186
7246,242
7247,295
7248,349
7249,391
7250,418
7251,425
7251,434
7252,416
7254,385
7255,345
7256,294
7257,247
7257,197
7258,143
7259,86
7260,37
7260,23
7261,10
7262,0
7263,4
7263,33
7264,67
7265,104
7266,162
7266,213
7267,259
7268,313
7269,366
7270,407
7271,418
7271,430
7272,432
7273,405
7274,369
7275,323
7276,277
7276,226
7277,175
7278,120
7279,60
7280,29
7280,15
7281,6
7282,3
7282,21
7283,47
7284,79
7285,133
7286,179
7286,235
7287,288
7288,338
7289,386
7290,416
7291,423
7291,433
7292,419
7293,391
7294,351
7296,301
7297,254
7297,203
7298,150
7299,93
7300,41
7301,23
7301,8
7302,6
7303,4
7303,21
7304,51
7305,97
7305,144
7306,192
7307,248
7308,301
7309,350
7310,401
7310,419
7311,428
7312,436
7313,413
7314,381
7315,340
7315,295
7316,243
7317,191
7318,139
7319,78
7320,37
7320,19
7321,3
7322,3
7322,10
7323,30
7324,65
7325,115
7325,168
7326,219
7327,270
7328,318
7329,371
7330,411
7330,420
7331,430
7332,429
7333,403
7334,365
7335,317
7335,272
7336,220
7337,168
7339,106
7340,53
7340,25
7341,15
7342,0
7343,2
7343,23
7344,46
7345,84
7345,138
7346,190
7347,241
7348,294
7349,343
7350,396
7350,418
7351,426
7352,432
7353,416
7354,386
7355,347
7355,297
7356,249
7357,200
7358,146
7359,88
7360,38
7360,23
7361,13
7362,0
7362,3
7363,27
7364,67
7365,102
7365,155
7366,213
7367,257
7368,311
7369,363
7370,409
7370,417
7371,429
7372,433
7373,406
7374,370
7375,325
7375,274
7376,226
7377,176
7378,122
7379,62
7379,28
7380,16
7382,8
7383,5
7383,20
7384,46
7385,78
7386,131
7386,178
7387,235
7388,287
7389,336
7390,391
7390,417
7391,425
7392,432
7393,421
7394,393
7395,353
7395,303
7396,257
7397,206
7398,154
7399,96
7400,43
7400,23
7401,8
7402,5
7402,5
7403,21
7404,50
7405,95
7405,143
7406,191
7407,247
7408,300
7409,349
7409,400
7410,418
7411,428
7412,434
7413,414
7414,383
7414,343
7415,297
7416,245
7417,188
7418,141
7419,82
7419,35
7420,21
7421,5
7421,4
7422,9
7424,26
7425,61
7425,107
7426,156
7427,208
7428,