0,328
0,330
0,319
1,306
1,301
1,296
2,292
2,305
3,328
3,342
3,346
4,353
4,362
4,375
5,387
5,390
5,385
6,384
6,388
6,381
7,373
7,376
7,378
8,365
8,346
9,341
10,332
10,309
11,302
12,289
12,317
13,320
14,366
14,367
15,398
16,393
16,385
17,395
18,372
18,358
19,328
20,310
20,301
21,276
22,296
22,320
23,348
24,376
24,398
25,415
26,400
26,381
27,366
28,356
28,328
29,315
30,308
30,295
31,287
32,310
32,346
33,363
33,383
34,393
35,396
35,373
36,353
37,354
37,351
38,331
39,327
39,323
40,297
41,298
41,313
43,339
44,346
44,374
45,390
46,377
46,387
47,373
48,368
48,348
49,343
50,329
50,301
51,300
52,286
52,322
53,319
54,369
54,385
55,398
56,398
56,395
57,393
58,367
58,348
59,327
60,300
60,296
61,279
62,310
62,324
63,357
64,394
64,406
65,413
66,402
66,382
67,364
68,353
68,333
69,322
70,306
70,302
71,295
72,322
72,351
73,373
74,388
74,394
75,397
76,372
76,360
77,358
78,355
78,337
79,327
80,323
80,297
81,302
82,315
82,343
83,352
84,375
84,393
86,373
87,388
87,374
88,362
89,351
89,338
90,323
91,300
91,292
92,298
93,317
93,329
94,364
95,381
95,394
96,394
97,388
97,386
98,366
99,334
99,324
100,302
101,295
101,287
102,320
103,337
104,370
104,397
105,399
106,392
107,372
107,358
108,338
109,326
110,310
110,307
111,290
112,328
113,341
113,370
114,390
115,392
116,384
116,364
117,356
118,351
119,338
119,326
120,308
121,297
122,306
122,332
123,355
124,377
125,389
125,386
126,389
128,367
129,365
129,340
130,320
131,294
132,290
132,303
133,327
134,356
135,396
135,400
136,400
137,395
138,383
138,352
139,333
140,317
141,291
141,290
142,309
143,334
143,368
144,400
145,395
146,402
146,377
147,368
148,352
149,329
149,318
150,296
151,294
152,314
152,338
153,372
154,382
155,400
155,392
156,375
157,363
158,358
158,336
159,319
160,306
161,283
161,305
162,325
163,362
164,377
164,395
165,390
166,373
167,362
167,343
168,334
169,318
171,305
171,291
172,312
173,314
174,357
174,371
175,394
176,379
177,387
177,379
178,366
179,339
180,325
180,304
181,289
182,291
183,332
183,341
184,377
185,406
186,393
186,396
187,374
188,365
189,334
189,316
190,301
191,286
192,291
192,342
193,352
194,389
195,409
195,403
196,385
197,367
198,365
198,335
199,323
200,312
201,295
201,299
202,335
203,356
204,372
204,395
205,389
206,366
207,377
207,350
208,347
209,338
209,319
210,304
211,296
212,322
212,330
214,356
215,393
216,382
216,391
217,396
218,380
219,355
219,332
220,311
221,283
222,288
222,311
223,337
224,370
225,411
225,407
226,396
227,379
228,364
228,330
229,321
230,308
231,276
231,293
232,325
233,350
234,380
234,393
235,398
236,377
237,360
237,357
238,340
239,324
240,329
240,300
241,297
242,323
243,334
243,363
244,381
245,383
246,378
246,373
247,365
248,345
249,341
249,325
250,290
251,291
252,317
252,308
253,368
254,370
256,401
256,381
257,393
258,386
259,358
259,333
260,320
261,296
262,286
262,312
263,341
264,358
265,394
265,413
266,389
267,391
268,366
268,351
269,325
270,316
271,308
271,288
272,323
273,353
273,358
274,395
275,400
276,388
276,369
277,361
278,357
279,328
279,329
280,312
281,299
282,311
282,343
283,351
284,377
285,387
285,377
286,372
287,375
288,349
288,348
289,330
290,300
291,297
291,289
292,329
293,331
294,376
294,389
295,388
296,386
297,397
297,360
299,344
300,320
301,296
301,276
302,300
303,327
304,350
304,389
305,409
306,395
307,390
307,369
308,355
309,321
310,315
310,305
311,272
312,311
313,333
313,360
314,386
315,397
316,392
316,368
317,363
318,356
319,341
319,330
320,318
321,290
322,301
322,325
323,349
324,379
325,394
325,390
326,385
327,371
328,356
328,342
329,333
330,311
331,288
331,302
332,315
333,336
334,381
334,388
335,401
336,382
337,393
337,374
338,339
339,328
339,306
340,296
342,293
343,336
343,344
344,377
345,410
346,412
346,387
347,387
348,366
349,333
349,324
350,310
351,294
352,292
352,333
353,356
354,363
355,403
355,393
356,374
357,370
358,358
358,345
359,329
360,323
361,295
361,298
362,316
363,342
364,358
364,390
365,380
366,375
367,380
367,359
368,344
369,338
370,318
370,280
371,301
372,295
373,346
373,342
374,395
375,382
376,389
376,381
377,384
378,345
379,321
379,315
380,288
381,280
382,311
382,341
384,362
385,400
386,412
386,387
387,378
388,368
389,344
389,324
390,315
391,302
392,278
392,333
393,348
394,368
395,391
395,396
396,385
397,365
398,367
398,354
399,331
400,330
401,315
401,289
402,318
403,330
404,361
404,383
405,397
406,385
406,382
407,371
408,349
409,344
409,325
410,308
411,285
412,319
412,324
413,353
414,384
415,398
415,387
416,393
417,379
418,366
418,328
419,318
420,306
421,289
421,301
422,338
423,356
424,389
424,405
425,399
427,373
428,371
428,352
429,329
430,317
431,308
431,292
432,299
433,352
434,352
434,378
435,399
436,384
437,369
437,359
438,361
439,335
440,323
440,309
441,292
442,297
443,325
443,354
444,369
445,392
446,381
446,375
447,370
448,353
449,342
449,327
450,307
451,286
452,300
452,307
453,353
454,344
455,402
455,375
456,392
457,379
458,372
458,348
459,322
460,314
461,290
461,295
462,320
463,350
464,374
464,403
465,409
466,390
467,376
467,376
468,335
470,325
470,307
471,291
472,285
473,335
473,352
474,381
475,395
476,406
476,385
477,374
478,375
479,348
479,324
480,318
481,300
482,282
482,334
483,342
484,375
485,399
485,401
486,390
487,370
488,362
488,344
489,329
490,319
491,298
491,286
492,327
493,333
494,371
494,382
495,398
496,373
497,388
497,364
498,358
499,329
500,308
500,301
501,290
502,304
503,342
503,357
504,388
505,402
506,397
506,376
507,376
508,348
509,325
509,309
510,290
512,280
513,307
513,356
514,364
515,391
516,403
516,383
517,369
518,362
519,352
519,325
520,317
521,298
522,292
522,312
523,346
524,360
525,384
525,395
526,376
527,372
528,362
528,349
529,335
530,333
531,300
531,290
532,314
533,323
534,366
534,363
535,407
536,381
536,388
537,390
538,361
539,347
539,315
540,313
541,281
542,311
542,330
543,360
544,390
545,406
545,405
546,388
547,376
548,365
548,326
549,321
550,301
551,287
551,307
552,346
553,363
555,391
555,402
556,396
557,375
558,368
558,360
559,336
560,325
561,307
561,298
562,295
563,344
564,349
564,384
565,394
566,385
567,376
567,364
568,352
569,339
570,329
570,310
571,297
572,286
573,333
573,322
574,384
575,367
576,397
576,373
577,385
578,368
579,347
579,327
580,295
581,293
582,287
582,310
583,352
584,371
585,402
585,404
586,388
587,374
588,363
588,333
589,316
590,304
591,287
591,300
592,323
593,366
594,370
594,393
595,401
596,374
598,366
598,364
599,345
600,325
600,320
601,303
602,299
603,318
603,356
604,358
605,396
606,397
606,378
607,385
608,358
609,350
609,328
610,319
611,291
612,296
612,311
613,344
614,355
615,396
615,393
616,389
617,390
618,386
618,347
619,328
620,316
621,292
621,279
622,328
623,331
624,374
624,403
625,417
626,394
627,386
627,378
628,337
629,325
630,315
630,284
631,283
632,321
633,354
633,370
634,400
635,397
636,375
636,367
637,364
638,342
640,328
640,323
641,295
642,294
643,313
643,339
644,357
645,391
646,388
646,387
647,375
648,360
649,348
649,335
650,315
651,294
652,290
652,296
653,335
654,353
655,391
655,385
656,390
657,379
658,372
658,349
659,323
660,314
661,288
661,294
662,305
663,343
664,361
664,394
665,411
666,392
666,384
667,374
668,350
669,330
669,316
670,303
671,283
672,316
672,348
673,361
674,387
675,403
675,388
676,376
677,374
678,357
678,332
679,329
680,303
681,291
681,317
683,324
684,372
685,382
685,406
686,392
687,375
688,376
688,347
689,346
690,326
691,302
691,298
692,308
693,320
694,368
694,359
695,400
696,379
697,387
697,379
698,363
699,335
700,323
700,307
701,288
702,296
703,329
703,341
704,387
705,397
706,402
706,382
707,375
708,365
709,328
709,325
710,305
711,281
712,293
712,337
713,347
714,379
715,399
715,385
716,377
717,368
718,359
718,342
719,319
720,308
721,289
721,288
722,326
723,348
724,375
724,399
726,389
727,386
728,364
728,352
729,344
730,324
731,308
731,297
732,293
733,320
733,344
734,370
735,387
736,387
736,388
737,378
738,371
739,352
739,326
740,311
741,301
742,296
742,315
743,347
744,361
745,396
745,410
746,392
747,388
748,378
748,347
749,330
750,312
751,296
751,286
752,324
753,354
754,368
754,398
755,411
756,383
757,376
757,369
758,346
759,329
760,320
760,297
761,292
762,323
763,341
763,375
764,390
765,400
766,383
766,373
768,361
769,343
770,334
770,324
771,292
772,297
773,317
773,318
774,367
775,361
776,390
776,375
777,383
778,376
779,358
779,330
780,320
781,301
782,279
782,308
783,329
784,353
785,391
785,403
786,393
787,381
788,372
788,354
789,323
790,313
791,296
791,272
792,307
793,345
794,356
794,393
795,396
796,389
796,366
797,368
798,354
799,327
799,318
800,304
801,288
802,306
802,350
803,354
804,390
805,400
805,386
806,381
807,366
808,357
808,339
809,330
811,305
812,298
812,302
813,333
814,352
815,380
815,392
816,392
817,382
818,387
818,357
819,344
820,320
821,308
821,294
822,301
823,325
824,358
824,376
825,418
826,400
827,386
827,386
828,363
829,338
830,321
830,314
831,285
832,301
833,337
833,361
834,378
835,406
836,401
836,370
837,373
838,362
839,330
839,324
840,313
841,282
842,297
842,331
843,342
844,382
845,392
845,390
846,375
847,369
848,355
848,339
849,331
850,315
851,286
851,300
852,316
854,330
855,375
855,375
856,391
857,374
858,379
858,363
859,343
860,327
861,299
861,288
862,284
863,315
863,343
864,371
865,398
866,401
866,391
867,381
868,373
869,340
869,319
870,305
871,290
872,285
872,325
873,361
874,365
875,405
875,402
876,384
877,371
878,371
878,342
879,328
880,315
881,296
881,291
882,322
883,358
884,361
884,403
885,398
886,383
887,382
887,362
888,351
889,334
890,327
890,299
891,296
892,319
893,341
893,355
894,392
896,390
897,383
897,384
898,380
899,352
900,332
900,318
901,296
902,285
903,314
903,334
904,369
905,390
906,420
906,389
907,386
908,377
909,343
909,321
910,314
911,299
912,280
912,317
913,350
914,366
915,386
915,403
916,383
917,359
918,364
918,348
919,319
920,328
921,302
921,285
922,317
923,334
924,356
924,379
925,391
926,376
926,367
927,371
928,344
929,343
929,333
930,301
931,285
932,309
932,315
933,350
934,375
935,381
935,387
936,380
937,384
939,360
939,338
940,316
941,299
942,279
942,301
943,325
944,348
945,389
945,404
946,402
947,390
948,380
948,365
949,332
950,323
951,306
951,290
952,300
953,343
954,366
954,380
955,409
956,394
957,379
957,372
958,363
959,337
960,327
960,313
961,292
962,297
963,335
963,354
964,370
965,402
966,388
966,382
967,381
968,361
969,350
969,332
970,311
971,295
972,292
972,325
973,350
974,364
975,404
975,391
976,386
977,393
978,364
978,342
979,320
980,301
982,284
982,289
983,314
984,341
985,378
985,400
986,403
987,380
988,377
988,362
989,336
990,318
991,306
991,295
992,287
993,327
993,357
994,371
995,386
996,400
996,376
997,363
998,373
999,345
999,319
1000,324
1001,284
1002,285
1003,336
1004,349
1004,375
1005,405
1006,378
1007,375
1008,368
1009,344
1009,327
1010,304
1011,288
1012,300
1013,331
1013,365
1014,385
1015,399
1016,387
1017,384
1018,368
1018,340
1019,327
1020,300
1021,283
1022,319
1024,337
1024,365
1025,409
1026,398
1027,387
1028,384
1029,362
1029,329
1030,321
1031,299
1032,291
1033,324
1034,354
1034,382
1035,396
1036,398
1037,382
1038,375
1039,355
1039,330
1040,324
1041,283
1042,292
1043,332
1044,345
1044,386
1045,405
1046,391
1047,374
1048,370
1049,344
1049,319
1050,308
1051,287
1052,289
1053,330
1054,357
1054,378
1055,400
1056,380
1057,374
1058,364
1058,338
1059,326
1060,294
1061,290
1062,306
1063,324
1063,363
1064,395
1065,389
1067,386
1068,379
1069,365
1069,337
1070,312
1071,300
1072,276
1073,311
1074,354
1074,373
1075,395
1076,405
1077,372
1078,366
1079,358
1079,326
1080,314
1081,298
1082,291
1083,332
1084,351
1084,387
1085,400
1086,391
1087,377
1088,365
1089,347
1089,334
1090,323
1091,293
1092,306
1093,329
1094,345
1094,379
1095,392
1096,381
1097,385
1098,380
1099,346
1099,337
1100,304
1101,292
1102,302
1103,320
1103,366
1104,400
1105,401
1106,397
1107,386
1108,364
1108,341
1110,316
1111,293
1112,284
1113,309
1114,351
1114,373
1115,394
1116,399
1117,373
1118,373
1119,359
1119,325
1120,315
1121,299
1122,288
1123,320
1124,350
1124,372
1125,388
1126,395
1127,369
1128,366
1129,349
1129,334
1130,313
1131,287
1132,294
1133,314
1134,351
1134,373
1135,390
1136,385
1137,383
1138,368
1139,350
1139,325
1140,299
1141,289
1142,292
1143,322
1143,368
1144,387
1145,402
1146,391
1147,374
1148,368
1148,338
1149,313
1150,302
1152,294
1153,315
1154,358
1154,375
1155,404
1156,401
1157,378
1158,369
1159,363
1159,323
1160,322
1161,311
1162,282
1163,331
1164,362
1164,364
1165,403
1166,395
1167,365
1168,374
1169,353
1169,334
1170,326
1171,298
1172,298
1173,321
1174,352
1174,372
1175,395
1176,382
1177,390
1178,377
1179,352
1179,330
1180,307
1181,276
1182,298
1183,320
1184,349
1184,389
1185,409
1186,388
1187,388
1188,365
1188,336
1189,313
1190,294
1191,286
1192,300
1193,345
1193,372
1195,393
1196,403
1197,380
1198,370
1199,357
1199,326
1200,317
1201,294
1202,280
1203,316
1204,349
1204,364
1205,400
1206,388
1207,370
1208,364
1209,355
1209,332
1210,320
1211,295
1212,285
1213,315
1214,352
1214,373
1215,392
1216,392
1217,387
1218,373
1219,357
1219,326
1220,306
1221,289
1222,301
1223,327
1224,356
1224,391
1225,409
1226,388
1227,389
1228,369
1229,342
1229,320
1230,310
1231,294
1232,304
1233,351
1233,367
1234,386
1235,413
1236,381
1238,370
1239,375
1239,332
1240,327
1241,312
1242,290
1243,318
1244,342
1244,360
1245,402
1246,386
1247,376
1248,371
1249,356
1249,338
1250,334
1251,291
1252,289
1253,319
1254,333
1254,372
1255,390
1256,386
1257,378
1258,382
1259,352
1259,335
1260,306
1261,284
1262,289
1263,314
1264,339
1264,387
1265,390
1266,393
1267,386
1268,365
1269,343
1269,315
1270,303
1271,273
1272,306
1273,339
1274,363
1274,393
1275,407
1276,378
1277,369
1278,363
1278,331
1280,318
1281,311
1282,291
1283,311
1284,350
1284,367
1285,386
1286,388
1287,377
1288,364
1289,360
1289,342
1290,330
1291,299
1292,296
1293,315
1294,341
1294,368
1295,394
1296,397
1297,385
1298,396
1299,353
1299,342
1300,313
1301,295
1302,288
1303,325
1304,351
1304,398
1305,405
1306,401
1307,381
1308,371
1309,338
1309,322
1310,308
1311,285
1312,309
1313,340
1314,372
1314,393
1315,400
1316,379
1317,365
1318,375
1318,330
1319,325
1320,322
1321,279
1323,314
1324,348
1324,358
1325,387
1326,400
1327,371
1328,372
1329,361
1329,335
1330,323
1331,292
1332,279
1333,305
1334,331
1334,362
1335,392
1336,388
1337,378
1338,385
1339,347
1339,335
1340,306
1341,288
1342,279
1343,322
1344,346
1344,380
1345,407
1346,398
1347,377
1348,377
1349,339
1349,323
1350,302
1351,283
1352,301
1353,335
1354,364
1354,389
1355,402
1356,385
1357,375
1358,375
1359,333
1359,324
1360,315
1361,274
1362,318
1363,356
1363,360
1364,395
1366,409
1367,373
1368,380
1369,366
1369,337
1370,332
1371,306
1372,289
1373,320
1374,342
1374,362
1375,393
1376,388
1377,380
1378,384
1379,357
1379,341
1380,324
1381,298
1382,286
1383,319
1384,342
1384,367
1385,413
1386,394
1387,384
1388,386
1389,347
1389,330
1390,299
1391,295
1392,283
1393,335
1394,365
1394,383
1395,408
1396,392
1397,361
1398,370
1399,331
1399,314
1400,313
1401,280
1402,314
1403,342
1404,351
1404,388
1405,390
1406,360
1408,375
1409,354
1409,333
1410,339
1411,303
1412,284
1413,314
1414,323
1414,357
1415,395
1416,387
1417,384
1418,379
1419,358
1419,336
1420,323
1421,282
1422,290
1423,309
1424,338
1424,374
1425,408
1426,386
1427,399
1428,371
1429,353
1429,326
1430,304
1431,293
1432,292
1433,337
1434,367
1434,386
1435,412
1436,394
1437,376
1438,370
1439,347
1439,322
1440,314
1441,294
1442,303
1443,346
1444,364
1444,394
1445,393
1446,380
1447,368
1448,362
1448,342
1449,338
1451,302
1452,290
1453,311
1454,330
1454,361
1455,386
1456,395
1457,382
1458,392
1459,368
1459,342
1460,324
1461,285
1462,283
1463,297
1464,335
1464,377
1465,405
1466,402
1467,395
1468,370
1469,345
1469,315
1470,300
1471,279
1472,289
1473,328
1474,365
1474,388
1475,413
1476,388
1477,370
1478,360
1479,338
1479,311
1480,313
1481,292
1482,298
1483,343
1484,359
1484,384
1485,391
1486,381
1487,368
1488,364
1489,341
1489,336
1490,300
1491,288
1492,303
1494,323
1494,360
1495,391
1496,395
1497,393
1498,393
1499,367
1499,341
1500,319
1501,292
1502,279
1503,319
1504,343
1504,377
1505,415
1506,403
1507,388
1508,380
1509,346
1509,324
1510,311
1511,289
1512,297
1513,333
1514,361
1514,386
1515,410
1516,390
1517,375
1518,372
1519,346
1519,326
1520,320
1521,292
1522,294
1523,350
1524,350
1524,385
1525,395
1526,384
1527,363
1528,370
1529,343
1529,326
1530,303
1531,284
1532,295
1533,329
1534,360
1534,381
1536,396
1537,386
1538,384
1539,361
1539,336
1540,317
1541,290
1542,276
1543,317
1544,329
1544,371
1545,403
1546,399
1547,373
1548,382
1549,339
1549,329
1550,303
1551,301
1552,289
1553,323
1554,359
1554,377
1555,400
1556,395
1557,366
1558,372
1559,346
1559,331
1560,317
1561,299
1562,298
1563,339
1564,351
1564,385
1565,402
1566,379
1567,375
1568,363
1569,342
1569,329
1570,316
1571,292
1572,304
1573,333
1574,358
1574,392
1575,394
1576,392
1577,381
1579,370
1579,344
1580,332
1581,298
1582,295
1583,314
1584,321
1584,370
1585,391
1586,401
1587,381
1588,394
1589,350
1589,340
1590,307
1591,307
1592,280
1593,323
1594,349
1594,379
1595,398
1596,401
1597,370
1598,370
1599,351
1599,329
1600,307
1601,291
1602,296
1603,322
1604,359
1604,383
1605,393
1606,384
1607,370
1608,357
1609,348
1609,322
1610,310
1611,282
1612,297
1613,322
1614,355
1614,378
1615,390
1616,386
1617,378
1618,370
1619,345
1619,324
1620,298
1622,286
1623,305
1624,325
1624,370
1625,395
1626,399
1627,395
1628,381
1629,356
1629,332
1630,313
1631,303
1632,278
1633,316
1634,354
1634,376
1635,406
1636,408
1637,374
1638,373
1639,355
1639,329
1640,310
1641,304
1642,294
1643,328
1644,375
1644,387
1645,407
1646,389
1647,376
1648,355
1649,346
1649,324
1650,320
1651,291
1652,310
1653,327
1654,359
1654,379
1655,386
1656,379
1657,380
1658,369
1659,350
1659,330
1660,312
1661,289
1662,300
1664,333
1665,347
1665,400
1666,401
1667,391
1668,383
1669,365
1669,325
1670,315
1671,291
1672,273
1673,311
1674,347
1674,366
1675,408
1676,397
1677,371
1678,369
1679,348
1679,318
1680,313
1681,303
1682,285
1683,330
1684,361
1684,373
1685,396
1686,388
1687,366
1688,359
1689,352
1689,330
1690,318
1691,292
1692,299
1693,315
1694,356
1694,370
1695,387
1696,386
1697,384
1698,378
1699,352
1699,331
1700,310
1701,286
1702,301
1703,326
1704,352
1704,397
1705,412
1707,390
1708,387
1709,373
1710,329
1710,323
1711,302
1712,288
1713,313
1714,357
1714,370
1715,407
1716,404
1717,373
1718,372
1719,361
1719,321
1720,328
1721,309
1722,285
1723,339
1724,352
1724,363
1725,403
1726,389
1727,369
1728,374
1729,354
1729,335
1730,327
1731,297
1732,291
1733,323
1734,336
1734,378
1735,383
1736,381
1737,380
1738,367
1739,351
1739,336
1740,299
1741,288
1742,302
1743,310
1744,359
1744,378
1745,397
1746,382
1747,392
1748,364
1750,339
1750,318
1751,300
1752,280
1753,302
1754,340
1754,362
1755,398
1756,404
1757,380
1758,373
1759,354
1759,329
1760,317
1761,293
1762,285
1763,324
1764,347
1764,379
1765,396
1766,393
1767,371
1768,368
1769,359
1769,334
1770,330
1771,306
1772,290
1773,329
1774,341
1774,376
1775,387
1776,391
1777,380
1778,381
1779,351
1779,334
1780,307
1781,297
1782,292
1783,318
1784,364
1784,383
1785,416
1786,394
1787,400
1788,360
1789,344
1789,313
1790,306
1792,282
1793,311
1794,347
1795,381
1795,401
1796,412
1797,383
1798,361
1799,355
1799,325
1800,310
1801,303
1802,288
1803,316
1804,356
1804,374
1805,390
1806,385
1807,364
1808,358
1809,352
1809,336
1810,335
1811,299
1812,290
1813,320
1814,331
1814,374
1815,380
1816,387
1817,382
1818,378
1819,353
1819,330
1820,298
1821,293
1822,277
1823,318
1824,354
1824,382
1825,413
1826,394
1827,386
1828,356
1829,338
1829,307
1830,304
1831,282
1832,313
1833,343
1835,378
1835,390
1836,403
1837,386
1838,365
1839,367
1840,336
1840,316
1841,319
1842,292
1843,313
1844,354
1844,359
1845,392
1846,398
1847,378
1848,370
1849,360
1849,337
1850,329
1851,292
1852,295
1853,318
1854,342
1854,373
1855,396
1856,394
1857,388
1858,389
1859,352
1859,332
1860,318
1861,285
1862,289
1863,329
1864,339
1864,390
1865,406
1866,395
1867,383
1868,368
1869,332
1869,320
1870,302
1871,284
1872,306
1873,333
1874,364
1874,393
1875,401
1876,382
1878,369
1879,361
1880,331
1880,324
1881,310
1882,279
1883,315
1884,347
1884,359
1885,397
1886,394
1887,369
1888,364
1889,351
1889,333
1890,318
1891,295
1892,293
1893,311
1894,342
1894,365
1895,389
1896,379
1897,387
1898,367
1899,358
1899,338
1900,320
1901,288
1902,307
1903,308
1904,337
1904,384
1905,392
1906,400
1907,391
1908,383
1909,339
1909,330
1910,297
1911,294
1912,300
1913,332
1914,364
1914,398
1915,398
1916,397
1917,375
1918,355
1920,341
1920,326
1921,309
1922,295
1923,322
1924,340
1925,372
1925,390
1926,393
1927,380
1928,366
1929,365
1929,340
1930,325
1931,309
1932,290
1933,307
1934,346
1934,361
1935,390
1936,389
1937,380
1938,368
1939,357
1939,334
1940,318
1941,294
1942,297
1943,299
1944,347
1944,380
1945,387
1946,398
1947,387
1948,374
1949,353
1949,332
1950,299
1951,291
1952,290
1953,325
1954,360
1954,390
1955,396
1956,400
1957,370
1958,354
1959,341
1959,321
1960,300
1961,296
1963,303
1964,339
1965,378
1965,391
1966,397
1967,381
1968,358
1969,354
1970,337
1970,327
1971,315
1972,290
1973,317
1974,339
1974,364
1975,384
1976,386
1977,381
1978,378
1979,357
1979,345
1980,319
1981,297
1982,294
1983,307
1984,346
1984,372
1985,405
1986,395
1987,401
1988,377
1989,354
1989,327
1990,305
1991,284
1992,302
1993,328
1994,364
1994,399
1995,403
1996,392
1997,373
1998,360
1999,339
1999,321
2000,305
2001,299
2002,309
2003,350
2004,366
2004,385
2006,389
2007,374
2008,362
2009,357
2010,340
2010,335
2011,307
2012,293
2013,321
2014,326
2014,365
2015,376
2016,377
2017,372
2018,374
2019,354
2019,347
2020,326
2021,293
2022,283
2023,315
2024,328
2024,369
2025,398
2026,388
2027,392
2028,375
2029,356
2029,319
2030,310
2031,283
2032,295
2033,327
2034,362
2034,391
2035,411
2036,389
2037,377
2038,363
2039,336
2039,325
2040,315
2041,291
2042,307
2043,352
2044,355
2044,391
2045,395
2046,371
2048,366
2049,360
2050,342
2050,340
2051,317
2052,302
2053,317
2054,327
2055,364
2055,384
2056,383
2057,386
2058,381
2059,354
2059,353
2060,333
2061,291
2062,297
2063,316
2064,316
2064,383
2065,396
2066,388
2067,393
2068,386
2069,351
2069,329
2070,305
2071,288
2072,291
2073,323
2074,352
2074,385
2075,410
2076,387
2077,384
2078,360
2079,340
2079,326
2080,311
2081,283
2082,309
2083,338
2084,350
2084,390
2085,386
2086,374
2087,365
2088,358
2089,348
2089,329
2091,316
2092,294
2093,295
2094,329
2095,355
2095,378
2096,386
2097,388
2098,373
2099,362
2100,351
2100,321
2101,290
2102,302
2103,301
2104,325
2104,382
2105,386
2106,399
2107,391
2108,388
2109,349
2109,337
2110,306
2111,292
2112,289
2113,328
2114,352
2114,393
2115,404
2116,398
2117,386
2118,360
2119,352
2119,327
2120,315
2121,296
2122,309
2123,329
2124,371
2124,388
2125,395
2126,383
2127,366
2128,357
2129,345
2129,328
2130,319
2131,289
2132,305
2134,340
2135,359
2135,391
2136,384
2137,381
2138,371
2139,356
2140,343
2140,327
2141,303
2142,299
2143,297
2144,336
2145,363
2145,381
2146,399
2147,382
2148,379
2149,353
2149,334
2150,311
2151,289
2152,285
2153,324
2154,347
2154,384
2155,403
2156,397
2157,376
2158,361
2159,338
2159,317
2160,308
2161,298
2162,296
2163,337
2164,368
2164,377
2165,393
2166,387
2167,356
2168,361
2169,348
2169,325
2170,323
2171,291
2172,309
2173,331
2174,357
2174,380
2176,387
2177,385
2178,376
2179,364
2180,348
2180,330
2181,312
2182,288
2183,303
2184,338
2185,346
2185,402
2186,394
2187,395
2188,385
2189,366
2189,336
2190,318
2191,294
2192,293
2193,316
2194,352
2194,382
2195,409
2196,407
2197,378
2198,370
2199,342
2199,329
2200,313
2201,306
2202,286
2203,343
2204,360
2204,378
2205,401
2206,383
2207,357
2208,359
2209,344
2209,326
2210,320
2211,296
2212,309
2213,323
2214,354
2214,379
2215,384
2216,380
2217,380
2219,358
2220,347
2220,335
2221,306
2222,280
2223,313
2224,316
2225,341
2225,404
2226,377
2227,396
2228,382
2229,366
2230,327
2230,321
2231,290
2232,287
2233,311
2234,347
2234,369
2235,402
2236,397
2237,377
2238,375
2239,344
2239,331
2240,317
2241,304
2242,288
2243,342
2244,345
2244,377
2245,400
2246,389
2247,369
2248,371
2249,355
2249,324
2250,322
2251,302
2252,291
2253,326
2254,357
2254,374
2255,394
2256,394
2257,375
2258,367
2259,353
2259,337
2260,307
2262,293
2263,313
2264,308
2265,369
2265,381
2266,390
2267,389
2268,389
2269,369
2270,341
2270,320
2271,296
2272,279
2273,314
2274,342
2275,377
2275,405
2276,402
2277,388
2278,366
2279,352
2279,326
2280,310
2281,296
2282,289
2283,331
2284,360
2284,383
2285,394
2286,385
2287,360
2288,357
2289,348
2289,322
2290,322
2291,302
2292,286
2293,339
2294,345
2294,371
2295,390
2296,375
2297,375
2298,364
2299,346
2299,337
2300,313
2301,299
2302,294
2304,314
2305,364
2305,365
2306,403
2307,389
2308,397
2309,368
2310,351
2310,312
2311,293
2312,277
2313,310
2314,338
2315,378
2315,413
2316,415
2317,395
2318,371
2319,352
2319,324
2320,316
2321,297
2322,298
2323,323
2324,365
2324,382
2325,388
2326,392
2327,363
2328,362
2329,362
2329,330
2330,329
2331,308
2332,292
2333,335
2334,340
2334,372
2335,393
2336,387
2337,382
2338,371
2339,354
2339,330
2340,316
2341,291
2342,280
2343,324
2344,350
2344,371
2345,410
2347,383
2348,399
2349,365
2350,349
2350,311
2351,290
2352,275
2353,311
2354,330
2355,375
2355,405
2356,404
2357,390
2358,371
2359,350
2360,331
2360,320
2361,295
2362,295
2363,316
2364,356
2364,370
2365,385
2366,389
2367,363
2368,358
2369,354
2369,331
2370,327
2371,302
2372,295
2373,319
2374,346
2374,373
2375,393
2376,387
2377,385
2378,369
2379,355
2379,334
2380,317
2381,294
2382,291
2383,330
2384,336
2384,384
2385,400
2386,388
2387,396
2388,373
2390,341
2390,322
2391,301
2392,287
2393,304
2394,334
2395,369
2395,403
2396,409
2397,389
2398,379
2399,358
2400,333
2400,324
2401,307
2402,293
2403,330
2404,347
2405,367
2405,393
2406,384
2407,371
2408,363
2409,357
2409,334
2410,320
2411,299
2412,291
2413,307
2414,350
2414,363
2415,394
2416,393
2417,384
2418,367
2419,354
2419,330
2420,313
2421,291
2422,294
2423,318
2424,339
2424,388
2425,383
2426,393
2427,380
2428,371
2429,341
2429,318
2430,302
2432,284
2433,291
2434,336
2435,363
2435,390
2436,403
2437,388
2438,372
2439,369
2440,340
2440,321
2441,308
2442,287
2443,317
2444,351
2445,372
2445,394
2446,402
2447,377
2448,368
2449,362
2449,329
2450,319
2451,298
2452,281
2453,316
2454,361
2454,366
2455,409
2456,395
2457,373
2458,367
2459,346
2459,332
2460,327
2461,307
2462,306
2463,320
2464,354
2464,369
2465,386
2466,389
2467,385
2468,384
2469,350
2469,330
2470,310
2471,279
2472,291
2473,331
2475,342
2475,399
2476,415
2477,391
2478,390
2479,369
2480,331
2480,320
2481,298
2482,275
2483,313
2484,343
2485,377
2485,398
2486,398
2487,376
2488,362
2489,355
2490,324
2490,319
2491,299
2492,284
2493,324
2494,346
2494,362
2495,393
2496,381
2497,369
2498,369
2499,346
2499,339
2500,329
2501,299
2502,292
2503,304
2504,349
2504,355
2505,395
2506,385
2507,394
2508,382
2509,363
2509,330
2510,301
2511,281
2512,286
2513,324
2514,350
2514,401
2515,417
2516,398
2518,388
2519,370
2520,332
2520,323
2521,300
2522,284
2523,314
2524,354
2525,376
2525,399
2526,403
2527,375
2528,365
2529,364
2530,331
2530,323
2531,310
2532,292
2533,329
2534,342
2535,371
2535,391
2536,385
2537,378
2538,371
2539,350
2539,344
2540,337
2541,300
2542,296
2543,321
2544,328
2544,361
2545,397
2546,380
2547,391
2548,384
2549,361
2549,326
2550,307
2551,286
2552,283
2553,317
2554,354
2554,386
2555,406
2556,397
2557,377
2558,367
2560,336
2560,313
2561,301
2562,285
2563,305
2564,350
2565,358
2565,390
2566,394
2567,374
2568,360
2569,360
2570,338
2570,320
2571,309
2572,290
2573,304
2574,337
2575,365
2575,382
2576,392
2577,384
2578,370
2579,356
2580,344
2580,332
2581,292
2582,297
2583,311
2584,320
2584,376
2585,379
2586,392
2587,390
2588,390
2589,362
2589,336
2590,307
2591,292
2592,287
2593,317
2594,357
2594,384
2595,414
2596,408
2597,390
2598,374
2599,345
2599,323
2600,307
2601,289
2603,307
2604,342
2605,367
2605,400
2606,400
2607,381
2608,367
2609,360
2610,341
2610,320
2611,309
2612,288
2613,307
2614,345
2615,364
2615,385
2616,395
2617,378
2618,369
2619,356
2620,340
2620,330
2621,297
2622,296
2623,305
2624,323
2624,374
2625,375
2626,388
2627,381
2628,382
2629,356
2629,329
2630,306
2631,284
2632,279
2633,324
2634,345
2634,377
2635,412
2636,393
2637,383
2638,371
2639,340
2639,321
2640,306
2641,289
2642,303
2643,340
2644,367
2644,389
2646,399
2647,383
2648,364
2649,361
2650,333
2650,325
2651,315
2652,283
2653,308
2654,344
2655,351
2655,398
2656,391
2657,378
2658,380
2659,357
2660,344
2660,335
2661,304
2662,295
2663,314
2664,329
2665,370
2665,392
2666,394
2667,395
2668,395
2669,353
2669,332
2670,319
2671,280
2672,290
2673,322
2674,333
2674,393
2675,414
2676,393
2677,391
2678,372
2679,339
2679,332
2680,311
2681,294
2682,301
2683,336
2684,369
2684,383
2685,400
2686,389
2688,366
2689,360
2690,345
2690,326
2691,308
2692,283
2693,298
2694,329
2695,350
2695,395
2696,386
2697,382
2698,380
2699,345
2700,343
2700,325
2701,301
2702,287
2703,311
2704,327
2705,359
2705,392
2706,387
2707,379
2708,385
2709,357
2710,338
2710,319
2711,288
2712,289
2713,312
2714,328
2714,381
2715,397
2716,396
2717,391
2718,375
2719,352
2719,332
2720,309
2721,298
2722,290
2723,330
2724,362
2724,378
2725,412
2726,396
2727,373
2728,369
2729,352
2729,324
2731,314
2732,295
2733,294
2734,333
2735,366
2735,384
2736,395
2737,391
2738,372
2739,361
2740,349
2740,326
2741,306
2742,293
2743,314
2744,326
2745,359
2745,393
2746,389
2747,382
2748,390
2749,365
2750,340
2750,322
2751,295
2752,281
2753,313
2754,331
2754,376
2755,391
2756,397
2757,392
2758,375
2759,364
2759,324
2760,308
2761,287
2762,283
2763,324
2764,355
2764,382
2765,410
2766,388
2767,380
2768,368
2769,342
2769,316
2770,310
2771,283
2772,292
2774,336
2775,366
2775,383
2776,407
2777,379
2778,364
2779,349
2780,332
2780,327
2781,307
2782,296
2783,309
2784,322
2785,364
2785,384
2786,381
2787,382
2788,390
2789,365
2790,349
2790,330
2791,296
2792,286
2793,312
2794,328
2795,367
2795,403
2796,413
2797,403
2798,386
2799,364
2799,324
2800,309
2801,291
2802,292
2803,320
2804,357
2804,398
2805,407
2806,395
2807,384
2808,360
2809,343
2809,321
2810,319
2811,285
2812,300
2813,343
2814,359
2814,386
2816,405
2817,373
2818,372
2819,362
2820,341
2820,337
2821,315
2822,293
2823,301
2824,324
2825,350
2825,376
2826,377
2827,387
2828,386
2829,373
2830,346
2830,328
2831,290
2832,278
2833,299
2834,319
2835,356
2835,408
2836,400
2837,398
2838,385
2839,358
2840,324
2840,307
2841,286
2842,289
2843,318
2844,355
2844,388
2845,396
2846,399
2847,376
2848,357
2849,342
2849,324
2850,317
2851,289
2852,299
2853,334
2854,346
2854,383
2855,396
2856,378
2857,378
2859,367
2860,347
2860,341
2861,323
2862,296
2863,302
2864,321
2865,344
2865,379
2866,392
2867,395
2868,389
2869,377
2870,351
2870,333
2871,291
2872,291
2873,304
2874,316
2875,373
2875,399
2876,395
2877,403
2878,381
2879,362
2880,338
2880,315
2881,301
2882,291
2883,322
2884,354
2884,381
2885,402
2886,403
2887,375
2888,361
2889,349
2889,327
2890,309
2891,299
2892,295
2893,323
2894,347
2894,382
2895,381
2896,383
2897,370
2898,358
2899,348
2899,340
2900,317
2902,287
2903,295
2904,312
2905,342
2905,375
2906,386
2907,387
2908,386
2909,381
2910,347
2910,325
2911,289
2912,283
2913,295
2914,320
2915,368
2915,392
2916,403
2917,395
2918,377
2919,358
2920,330
2920,306
2921,296
2922,288
2923,321
2924,355
2925,383
2925,403
2926,398
2927,380
2928,367
2929,359
2929,327
2930,322
2931,310
2932,292
2933,323
2934,363
2934,373
2935,397
2936,403
2937,369
2938,365
2939,353
2939,335
2940,321
2941,298
2942,297
2944,321
2945,355
2945,383
2946,393
2947,388
2948,385
2949,370
2950,352
2950,326
2951,303
2952,294
2953,305
2954,320
2955,367
2955,383
2956,407
2957,396
2958,382
2959,368
2960,338
2960,313
2961,291
2962,288
2963,308
2964,344
2965,375
2965,404
2966,391
2967,387
2968,368
2969,350
2970,329
2970,313
2971,294
2972,282
2973,320
2974,348
2974,367
2975,395
2976,386
2977,366
2978,363
2979,348
2979,331
2980,318
2981,292
2982,293
2983,315
2984,351
2984,372
2985,385
2987,389
2988,386
2989,369
2990,354
2990,327
2991,306
2992,281
2993,304
2994,315
2995,354
2995,390
2996,405
2997,397
2998,387
2999,372
3000,344
3000,322
3001,298
3002,295
3003,303
3004,344
3005,378
3005,398
3006,411
3007,394
3008,373
3009,360
3010,335
3010,319
3011,300
3012,291
3013,320
3014,354
3015,375
3015,409
3016,389
3017,374
3018,363
3019,347
3019,332
3020,326
3021,298
3022,302
3023,330
3024,347
3024,371
3025,385
3026,380
3027,378
3028,371
3030,353
3030,339
3031,313
3032,287
3033,304
3034,310
3035,340
3035,389
3036,394
3037,388
3038,392
3039,363
3040,340
3040,312
3041,296
3042,279
3043,308
3044,339
3045,368
3045,391
3046,403
3047,380
3048,363
3049,354
3050,325
3050,314
3051,306
3052,295
3053,318
3054,344
3055,374
3055,390
3056,380
3057,377
3058,361
3059,351
3059,341
3060,331
3061,295
3062,297
3063,314
3064,332
3064,369
3065,381
3066,392
3067,383
3068,385
3069,361
3069,344
3070,310
3072,296
3073,291
3074,315
3075,349
3075,391
3076,399
3077,403
3078,394
3079,373
3080,355
3080,318
3081,308
3082,280
3083,304
3084,338
3085,371
3085,400
3086,414
3087,390
3088,370
3089,368
3090,333
3090,312
3091,306
3092,291
3093,308
3094,357
3095,380
3095,386
3096,402
3097,373
3098,355
3099,360
3100,332
3100,322
3101,302
3102,288
3103,310
3104,341
3104,362
3105,387
3106,387
3107,373
3108,382
3109,347
3109,337
3110,307
3111,293
3112,281
3113,318
3115,340
3115,374
3116,393
3117,399
3118,383
3119,381
3120,346
3120,317
3121,300
3122,275
3123,305
3124,332
3125,366
3125,401
3126,405
3127,387
3128,372
3129,358
3130,326
3130,318
3131,314
3132,288
3133,319
3134,354
3135,368
3135,388
3136,400
3137,367
3138,367
3139,361
3140,344
3140,334
3141,308
3142,292
3143,314
3144,335
3145,363
3145,387
3146,386
3147,391
3148,383
3149,359
3149,346
3150,319
3151,296
3152,284
3153,316
3154,346
3154,378
3155,406
3156,404
3158,385
3159,382
3160,349
3160,328
3161,296
3162,291
3163,298
3164,329
3165,372
3165,399
3166,397
3167,397
3168,367
3169,353
3170,338
3170,320
3171,304
3172,284
3173,316
3174,343
3175,365
3175,383
3176,390
3177,363
3178,364
3179,354
3180,339
3180,331
3181,310
3182,287
3183,305
3184,327
3185,357
3185,383
3186,383
3187,388
3188,372
3189,356
3189,338
3190,321
3191,284
3192,293
3193,313
3194,338
3194,376
3195,409
3196,387
3197,396
3198,375
3200,349
3200,329
3201,296
3202,298
3203,290
3204,335
3205,367
3205,388
3206,412
3207,396
3208,372
3209,363
3210,345
3210,320
3211,311
3212,299
3213,311
3214,339
3215,368
3215,391
3216,392
3217,384
3218,375
3219,357
3220,347
3220,338
3221,304
3222,292
3223,311
3224,324
3225,361
3225,384
3226,389
3227,388
3228,382
3229,369
3230,338
3230,322
3231,282
3232,290
3233,302
3234,335
3234,374
3235,409
3236,394
3237,406
3238,372
3239,352
3239,320
3240,296
3241,286
3243,285
3244,325
3245,359
3245,388
3246,404
3247,388
3248,372
3249,358
3250,342
3250,312
3251,304
3252,294
3253,300
3254,341
3255,368
3255,386
3256,391
3257,383
3258,361
3259,361
3260,339
3260,331
3261,302
3262,291
3263,304
3264,337
3265,363
3265,391
3266,392
3267,385
3268,378
3269,353
3270,334
3270,318
3271,294
3272,293
3273,311
3274,346
3275,368
3275,408
3276,399
3277,396
3278,379
3279,361
3279,326
3280,315
3281,298
3282,291
3283,334
3284,360
3284,386
3286,416
3287,396
3288,379
3289,366
3290,341
3290,317
3291,317
3292,293
3293,294
3294,345
3295,365
3295,390
3296,396
3297,389
3298,357
3299,363
3300,344
3300,327
3301,304
3302,299
3303,302
3304,335
3305,360
3305,385
3306,382
3307,387
3308,377
3309,350
3310,339
3310,320
3311,293
3312,282
3313,307
3314,320
3315,365
3315,395
3316,395
3317,386
3318,380
3319,353
3319,328
3320,308
3321,291
3322,289
3323,322
3324,353
3324,385
3325,404
3326,391
3328,376
3329,362
3330,342
3330,323
3331,308
3332,290
3333,294
3334,343
3335,360
3335,387
3336,402
3337,387
3338,364
3339,363
3340,343
3340,325
3341,315
3342,302
3343,305
3344,337
3345,356
3345,386
3346,386
3347,391
3348,380
3349,363
3350,347
3350,334
3351,302
3352,292
3353,322
3354,316
3355,367
3355,394
3356,399
3357,390
3358,401
3359,359
3360,336
3360,316
3361,297
3362,283
3363,324
3364,350
3364,382
3365,412
3366,398
3367,377
3368,367
3369,337
3369,330
3371,306
3372,291
3373,299
3374,336
3375,350
3375,390
3376,394
3377,374
3378,369
3379,352
3380,344
3380,333
3381,319
3382,289
3383,306
3384,320
3385,344
3385,379
3386,374
3387,388
3388,370
3389,366
3390,344
3390,329
3391,291
3392,284
3393,307
3394,310
3395,369
3395,388
3396,392
3397,388
3398,389
3399,353
3400,343
3400,311
3401,299
3402,280
3403,317
3404,351
3405,379
3405,402
3406,406
3407,381
3408,373
3409,351
3409,328
3410,308
3411,299
3412,299
3414,330
3415,368
3415,387
3416,403
3417,386
3418,370
3419,361
3420,351
3420,331
3421,329
3422,295
3423,308
3424,331
3425,360
3425,381
3426,390
3427,386
3428,383
3429,367
3430,349
3430,330
3431,306
3432,289
3433,299
3434,330
3435,358
3435,393
3436,400
3437,387
3438,386
3439,371
3440,325
3440,312
3441,299
3442,273
3443,323
3444,348
3445,367
3445,410
3446,400
3447,372
3448,370
3449,349
3450,319
3450,312
3451,295
3452,286
3453,327
3454,363
3454,374
3456,393
3457,383
3458,363
3459,355
3460,347
3460,329
3461,320
3462,287
3463,299
3464,315
3465,351
3465,376
3466,385
3467,380
3468,380
3469,358
3470,354
3470,322
3471,311
3472,286
3473,299
3474,333
3475,351
3475,392
3476,399
3477,400
3478,385
3479,382
3480,327
3480,325
3481,292
3482,284
3483,316
3484,346
3485,373
3485,416
3486,407
3487,387
3488,378
3489,354
3490,323
3490,320
3491,297
3492,289
3493,337
3494,363
3494,378
3495,402
3496,396
3497,366
3499,367
3500,353
3500,331
3501,323
3502,299
3503,301
3504,325
3505,349
3505,379
3506,389
3507,381
3508,384
3509,361
3510,347
3510,324
3511,313
3512,280
3513,306
3514,324
3515,350
3515,384
3516,403
3517,381
3518,387
3519,369
3520,326
3520,321
3521,296
3522,285
3523,311
3524,345
3525,364
3525,404
3526,392
3527,378
3528,367
3529,349
3530,320
3530,317
3531,295
3532,293
3533,333
3534,344
3535,371
3535,392
3536,384
3537,369
3538,366
3539,350
3539,339
3540,323
3542,301
3543,294
3544,326
3545,342
3545,381
3546,382
3547,391
3548,381
3549,367
3550,353
3550,332
3551,307
3552,295
3553,305
3554,311
3555,368
3555,376
3556,409
3557,392
3558,396
3559,370
3560,346
3560,323
3561,309
3562,287
3563,306
3564,343
3565,372
3565,397
3566,409
3567,386
3568,369
3569,365
3570,331
3570,320
3571,301
3572,287
3573,320
3574,351
3575,378
3575,393
3576,398
3577,373
3578,367
3579,358
3580,328
3580,321
3581,296
3582,283
3584,326
3585,345
3585,378
3586,391
3587,389
3588,367
3589,364
3590,340
3590,325
3591,303
3592,298
3593,283
3594,322
3595,355
3595,369
3596,395
3597,378
3598,383
3599,367
3600,353
3600,313
3601,316
3602,285
3603,300
3604,335
3605,359
3605,386
3606,416
3607,382
3608,378
3609,372
3610,329
3610,310
3611,302
3612,278
3613,311
3614,363
3615,373
3615,398
3616,408
3617,371
3618,365
3619,360
3620,323
3620,330
3621,301
3622,297
3623,336
3624,351
3624,373
3625,398
3627,379
3628,374
3629,374
3630,347
3630,341
3631,321
3632,299
3633,289
3634,330
3635,338
3635,373
3636,398
3637,388
3638,393
3639,382
3640,353
3640,325
3641,310
3642,277
3643,305
3644,330
3645,364
3645,396
3646,410
3647,390
3648,375
3649,364
3650,322
3650,311
3651,301
3652,273
3653,315
3654,358
3655,369
3655,398
3656,398
3657,369
3658,356
3659,351
3660,329
3660,326
3661,297
3662,295
3663,314
3664,344
3665,364
3665,393
3666,373
3667,379
3668,367
3670,345
3670,336
3671,318
3672,289
3673,297
3674,313
3675,336
3675,378
3676,392
3677,394
3678,388
3679,390
3680,346
3680,330
3681,298
3682,291
3683,299
3684,333
3685,363
3685,400
3686,408
3687,393
3688,380
3689,360
3690,329
3690,322
3691,307
3692,289
3693,326
3694,349
3695,369
3695,397
3696,399
3697,372
3698,367
3699,363
3700,339
3700,330
3701,315
3702,300
3703,315
3704,346
3705,361
3705,393
3706,382
3707,384
3708,371
3709,354
3710,339
3710,322
3712,286
3713,300
3714,302
3715,337
3715,377
3716,382
3717,393
3718,387
3719,385
3720,351
3720,337
3721,294
3722,285
3723,291
3724,323
3725,356
3725,397
3726,402
3727,400
3728,377
3729,353
3730,329
3730,321
3731,291
3732,284
3733,313
3734,335
3735,368
3735,392
3736,382
3737,372
3738,360
3739,355
3740,341
3740,333
3741,313
3742,292
3743,313
3744,336
3745,363
3745,385
3746,389
3747,389
3748,373
3749,358
3750,345
3750,315
3751,298
3752,296
3753,299
3755,356
3755,377
3756,399
3757,393
3758,391
3759,371
3760,351
3760,324
3761,306
3762,302
3763,302
3764,344
3765,363
3765,391
3766,405
3767,395
3768,374
3769,369
3770,344
3770,325
3771,311
3772,297
3773,305
3774,345
3775,370
3775,387
3776,394
3777,382
3778,363
3779,362
3780,338
3780,330
3781,305
3782,288
3783,319
3784,331
3785,366
3785,385
3786,388
3787,376
3788,376
3789,347
3790,341
3790,315
3791,297
3792,279
3793,311
3794,337
3795,365
3795,403
3796,383
3798,392
3799,370
3800,349
3800,319
3801,305
3802,281
3803,292
3804,325
3805,356
3805,389
3806,401
3807,392
3808,371
3809,366
3810,341
3810,324
3811,311
3812,292
3813,294
3814,349
3815,360
3815,384
3816,402
3817,385
3818,369
3819,368
3820,346
3820,325
3821,299
3822,291
3823,307
3824,329
3825,378
3825,393
3826,402
3827,394
3828,375
3829,347
3830,343
3830,316
3831,297
3832,295
3833,325
3834,339
3835,372
3835,402
3836,383
3837,390
3838,387
3840,357
3841,329
3841,320
3842,296
3843,297
3844,323
3845,345
3845,382
3846,414
3847,393
3848,389
3849,375
3850,340
3850,325
3851,311
3852,277
3853,302
3854,339
3855,348
3855,395
3856,403
3857,380
3858,367
3859,358
3860,336
3860,323
3861,307
3862,296
3863,303
3864,337
3865,358
3865,384
3866,386
3867,378
3868,370
3869,346
3870,340
3870,322
3871,289
3872,301
3873,311
3874,310
3875,374
3875,380
3876,382
3877,388
3878,388
3879,355
3880,340
3880,315
3881,291
3883,285
3884,320
3885,343
3886,380
3886,408
3887,394
3888,392
3889,368
3890,345
3890,331
3891,313
3892,283
3893,310
3894,331
3895,364
3895,396
3896,400
3897,386
3898,370
3899,361
3900,345
3900,322
3901,318
3902,297
3903,312
3904,351
3905,360
3905,388
3906,393
3907,381
3908,372
3909,367
3910,346
3910,333
3911,304
3912,300
3913,296
3914,340
3915,363
3915,383
3916,403
3917,376
3918,393
3919,352
3920,339
3920,307
3921,300
3922,280
3923,322
3924,351
3926,377
3926,402
3927,396
3928,377
3929,366
3930,347
3930,318
3931,313
3932,289
3933,296
3934,332
3935,360
3935,380
3936,393
3937,385
3938,364
3939,362
3940,340
3940,323
3941,317
3942,280
3943,305
3944,335
3945,351
3945,391
3946,389
3947,379
3948,371
3949,355
3950,341
3950,330
3951,310
3952,289
3953,299
3954,337
3955,345
3955,386
3956,394
3957,379
3958,391
3959,369
3960,340
3960,319
3961,296
3962,284
3963,320
3964,345
3965,376
3965,411
3966,412
3968,381
3969,383
3970,351
3971,322
3971,317
3972,298
3973,289
3974,342
3975,361
3975,373
3976,401
3977,388
3978,367
3979,372
3980,351
3980,329
3981,324
3982,290
3983,309
3984,328
3985,354
3985,389
3986,396
3987,384
3988,382
3989,358
3990,341
3990,331
3991,308
3992,276
3993,310
3994,328
3995,341
3995,394
3996,384
3997,383
3998,383
3999,373
4000,331
4000,319
4001,296
4002,281
4003,304
4004,348
4005,363
4005,406
4006,407
4007,371
4008,383
4009,348
4011,323
4011,316
4012,298
4013,276
4014,346
4015,345
4016,372
4016,403
4017,382
4018,359
4019,368
4020,348
4020,323
4021,328
4022,300
4023,299
4024,327
4025,347
4025,379
4026,398
4027,387
4028,387
4029,365
4030,343
4030,337
4031,308
4032,284
4033,324
4034,312
4035,357
4035,395
4036,380
4037,392
4038,387
4039,373
4040,327
4040,333
4041,300
4042,282
4043,320
4044,339
4045,367
4045,412
4046,405
4047,385
4048,383
4049,353
4050,334
4050,320
4051,296
4052,287
4054,334
4055,346
4056,378
4056,394
4057,383
4058,370
4059,368
4060,350
4060,325
4061,321
4062,300
4063,288
4064,334
4065,347
4065,372
4066,388
4067,378
4068,367
4069,371
4070,350
4070,335
4071,313
4072,288
4073,303
4074,309
4075,367
4075,372
4076,401
4077,387
4078,380
4079,362
4080,337
4080,313
4081,297
4082,272
4083,306
4084,341
4085,371
4085,403
4086,405
4087,385
4088,367
4089,360
4090,331
4090,316
4091,304
4092,296
4093,321
4094,358
4096,377
4096,390
4097,395
4098,375
4099,369
4100,362
4101,326
4101,328
4102,299
4103,281
4104,336
4105,342
4105,381
4106,402
4107,390
4108,380
4109,371
4110,350
4110,326
4111,311
4112,297
4113,294
4114,331
4115,372
4115,365
4116,419
4117,376
4118,395
4119,361
4120,348
4120,311
4121,303
4122,287
4123,306
4124,335
4125,369
4125,392
4126,407
4127,386
4128,368
4129,366
4130,323
4130,315
4131,299
4132,286
4133,311
4134,360
4135,369
4135,390
4136,400
4137,370
4139,367
4140,359
4141,326
4141,320
4142,289
4143,279
4144,326
4145,345
4146,380
4146,399
4147,387
4148,373
4149,364
4150,348
4150,318
4151,318
4152,290
4153,285
4154,341
4155,347
4155,372
4156,407
4157,375
4158,387
4159,371
4160,352
4160,322
4161,310
4162,294
4163,299
4164,332
4165,363
4165,388
4166,411
4167,391
4168,379
4169,363
4170,336
4170,319
4171,305
4172,288
4173,314
4174,356
4175,372
4175,397
4176,404
4177,372
4178,366
4179,363
4180,329
4180,319
4182,307
4183,296
4184,319
4185,359
4186,367
4186,395
4187,387
4188,373
4189,367
4190,355
4190,332
4191,327
4192,291
4193,289
4194,323
4195,323
4195,381
4196,388
4197,388
4198,388
4199,382
4200,349
4200,322
4201,304
4202,278
4203,286
4204,332
4205,356
4205,396
4206,405
4207,386
4208,375
4209,362
4210,334
4210,314
4211,305
4212,280
4213,312
4214,350
4215,365
4215,387
4216,394
4217,376
4218,366
4219,362
4220,334
4220,323
4221,303
4222,293
4224,305
4225,349
4226,363
4226,391
4227,396
4228,380
4229,375
4230,359
4231,338
4231,321
4232,296
4233,295
4234,307
4235,343
4235,380
4236,387
4237,404
4238,387
4239,387
4240,346
4240,335
4241,306
4242,284
4243,294
4244,334
4245,358
4245,400
4246,418
4247,395
4248,383
4249,366
4250,332
4250,318
4251,306
4252,282
4253,319
4254,349
4255,375
4255,395
4256,393
4257,371
4258,365
4259,362
4260,330
4260,327
4261,308
4262,286
4263,319
4264,349
4265,353
4265,401
4267,385
4268,375
4269,378
4270,349
4271,338
4271,320
4272,292
4273,285
4274,301
4275,344
4276,361
4276,399
4277,390
4278,384
4279,375
4280,346
4280,321
4281,303
4282,278
4283,290
4284,328
4285,352
4285,399
4286,407
4287,399
4288,374
4289,368
4290,333
4290,315
4291,307
4292,289
4293,307
4294,352
4295,366
4295,388
4296,398
4297,376
4298,365
4299,365
4300,338
4300,330
4301,311
4302,289
4303,323
4304,331
4305,365
4305,397
4306,390
4307,389
4308,382
4310,355
4311,343
4311,328
4312,293
4313,291
4314,315
4315,348
4316,363
4316,412
4317,385
4318,389
4319,379
4320,347
4321,324
4321,309
4322,289
4323,296
4324,328
4325,352
4325,389
4326,403
4327,392
4328,374
4329,376
4330,341
4330,327
4331,317
4332,288
4333,296
4334,345
4335,351
4335,386
4336,402
4337,376
4338,367
4339,364
4340,337
4340,324
4341,307
4342,288
4343,305
4344,328
4345,365
4345,382
4346,387
4347,379
4348,367
4349,350
4350,345
4350,332
4352,291
4353,299
4354,317
4355,323
4356,375
4356,382
4357,384
4358,389
4359,386
4360,356
4361,332
4361,313
4362,288
4363,283
4364,315
4365,346
4365,381
4366,409
4367,403
4368,383
4369,377
4370,349
4370,321
4371,319
4372,281
4373,299
4374,346
4375,357
4375,393
4376,412
4377,382
4378,373
4379,374
4380,341
4380,323
4381,317
4382,286
4383,300
4384,345
4385,362
4385,387
4386,397
4387,380
4388,371
4389,364
4390,339
4390,326
4391,297
4392,295
4393,313
4395,325
4396,375
4396,384
4397,396
4398,393
4399,388
4400,354
4401,329
4401,310
4402,286
4403,278
4404,317
4405,348
4406,384
4406,412
4407,397
4408,377
4409,366
4410,337
4410,313
4411,308
4412,286
4413,297
4414,343
4415,363
4415,387
4416,398
4417,377
4418,360
4419,367
4420,338
4420,324
4421,320
4422,284
4423,300
4424,348
4425,345
4425,389
4426,393
4427,377
4428,376
4429,363
4430,340
4430,329
4431,302
4432,290
4433,304
4434,330
4435,370
4435,385
4436,404
4438,386
4439,389
4440,359
4441,338
4441,317
4442,290
4443,286
4444,324
4445,339
4446,379
4446,404
4447,396
4448,391
4449,374
4450,354
4451,327
4451,314
4452,302
4453,291
4454,330
4455,364
4455,378
4456,399
4457,399
4458,368
4459,374
4460,350
4460,324
4461,310
4462,285
4463,298
4464,339
4465,350
4465,392
4466,389
4467,382
4468,376
4469,362
4470,342
4470,324
4471,305
4472,283
4473,302
4474,333
4475,354
4475,385
4476,398
4477,379
4478,383
4480,364
4481,336
4481,315
4482,298
4483,280
4484,313
4485,336
4486,374
4486,395
4487,399
4488,380
4489,372
4490,355
4491,323
4491,310
4492,301
4493,275
4494,328
4495,367
4495,367
4496,410
4497,398
4498,363
4499,373
4500,356
4500,317
4501,318
4502,295
4503,296
4504,336
4505,355
4505,385
4506,398
4507,387
4508,376
4509,358
4510,345
4510,332
4511,313
4512,290
4513,313
4514,326
4515,353
4515,395
4516,387
4517,382
4518,393
4519,363
4520,343
4520,326
4521,295
4523,290
4524,312
4525,332
4526,374
4526,400
4527,401
4528,389
4529,375
4530,357
4531,326
4531,308
4532,289
4533,281
4534,324
4535,358
4536,380
4536,411
4537,393
4538,377
4539,361
4540,346
4540,321
4541,315
4542,296
4543,293
4544,330
4545,361
4545,374
4546,394
4547,372
4548,363
4549,358
4550,347
4550,335
4551,312
4552,289
4553,302
4554,313
4555,353
4555,380
4556,381
4557,391
4558,394
4559,376
4560,350
4560,320
4561,294
4562,277
4563,301
4564,335
4566,370
4566,408
4567,416
4568,393
4569,379
4570,355
4571,321
4571,306
4572,292
4573,285
4574,324
4575,366
4576,385
4576,409
4577,396
4578,371
4579,363
4580,356
4581,322
4581,326
4582,301
4583,290
4584,343
4585,354
4585,372
4586,407
4587,379
4588,380
4589,371
4590,348
4590,335
4591,316
4592,288
4593,292
4594,319
4595,351
4595,375
4596,397
4597,391
4598,396
4599,380
4600,342
4600,323
4601,287
4602,276
4603,305
4604,327
4605,366
4605,409
4606,408
4608,389
4609,379
4610,352
4611,320
4611,309
4612,294
4613,284
4614,318
4615,356
4616,378
4616,391
4617,389
4618,365
4619,358
4620,353
4621,328
4621,324
4622,297
4623,291
4624,331
4625,340
4625,372
4626,396
4627,378
4628,377
4629,376
4630,352
4630,336
4631,318
4632,281
4633,286
4634,319
4635,353
4635,375
4636,406
4637,394
4638,390
4639,380
4640,342
4640,324
4641,288
4642,293
4643,304
4644,329
4645,370
4645,404
4646,404
4647,395
4648,379
4649,359
4651,333
4651,314
4652,310
4653,288
4654,318
4655,360
4656,374
4656,394
4657,411
4658,368
4659,366
4660,361
4661,324
4661,319
4662,308
4663,289
4664,326
4665,345
4666,374
4666,394
4667,385
4668,377
4669,369
4670,344
4670,337
4671,320
4672,283
4673,294
4674,323
4675,340
4675,381
4676,398
4677,383
4678,386
4679,375
4680,338
4680,323
4681,291
4682,289
4683,295
4684,324
4685,365
4685,387
4686,398
4687,388
4688,374
4689,357
4690,335
4690,315
4691,299
4692,286
4694,309
4695,348
4696,363
4696,396
4697,397
4698,378
4699,372
4700,366
4701,333
4701,320
4702,308
4703,278
4704,311
4705,354
4706,367
4706,399
4707,406
4708,379
4709,370
4710,358
4711,329
4711,316
4712,289
4713,295
4714,314
4715,351
4715,380
4716,401
4717,389
4718,393
4719,379
4720,347
4720,331
4721,305
4722,287
4723,306
4724,321
4725,371
4725,395
4726,409
4727,400
4728,383
4729,364
4730,340
4730,319
4731,292
4732,290
4733,302
4734,342
4736,373
4736,397
4737,399
4738,384
4739,371
4740,356
4741,329
4741,316
4742,305
4743,279
4744,317
4745,358
4746,362
4746,403
4747,394
4748,368
4749,365
4750,347
4751,328
4751,317
4752,294
4753,292
4754,315
4755,346
4756,368
4756,385
4757,379
4758,379
4759,374
4760,349
4760,330
4761,315
4762,279
4763,302
4764,318
4765,345
4765,389
4766,410
4767,388
4768,389
4769,369
4770,340
4770,324
4771,298
4772,281
4773,303
4774,344
4775,373
4775,399
4776,406
4777,385
4779,370
4780,361
4781,327
4781,322
4782,308
4783,287
4784,326
4785,357
4786,362
4786,406
4787,388
4788,368
4789,373
4790,358
4791,336
4791,335
4792,302
4793,292
4794,322
4795,337
4796,362
4796,393
4797,388
4798,387
4799,391
4800,354
4800,335
4801,314
4802,278
4803,295
4804,319
4805,339
4805,398
4806,413
4807,384
4808,392
4809,364
4810,333
4810,317
4811,305
4812,282
4813,303
4814,345
4815,366
4815,389
4816,404
4817,372
4818,360
4819,361
4820,328
4820,325
4822,308
4823,287
4824,311
4825,340
4826,359
4826,395
4827,384
4828,376
4829,371
4830,352
4831,340
4831,334
4832,296
4833,290
4834,314
4835,322
4836,370
4836,387
4837,387
4838,385
4839,384
4840,357
4841,340
4841,310
4842,292
4843,288
4844,315
4845,344
4845,388
4846,399
4847,405
4848,394
4849,374
4850,349
4850,326
4851,302
4852,283
4853,306
4854,337
4855,366
4855,392
4856,411
4857,385
4858,373
4859,367
4860,337
4860,319
4861,311
4862,296
4864,306
4865,350
4866,368
4866,386
4867,396
4868,376
4869,366
4870,361
4871,342
4871,335
4872,303
4873,290
4874,313
4875,329
4876,362
4876,377
4877,387
4878,377
4879,396
4880,359
4881,338
4881,312
4882,291
4883,274
4884,311
4885,340
4886,376
4886,409
4887,410
4888,385
4889,372
4890,340
4890,315
4891,302
4892,282
4893,301
4894,332
4895,370
4895,396
4896,405
4897,378
4898,360
4899,362
4900,328
4900,318
4901,322
4902,284
4903,307
4904,352
4905,354
4905,386
4907,400
4908,367
4909,377
4910,360
4911,344
4911,334
4912,307
4913,287
4914,311
4915,327
4916,364
4916,395
4917,392
4918,391
4919,397
4920,356
4921,336
4921,316
4922,287
4923,285
4924,328
4925,340
4926,385
4926,417
4927,399
4928,381
4929,376
4930,337
4930,328
4931,302
4932,295
4933,302
4934,334
4935,371
4935,387
4936,398
4937,390
4938,366
4939,366
4940,342
4940,324
4941,314
4942,287
4943,306
4944,335
4945,353
4945,384
4946,400
4947,371
4948,378
4950,354
4951,342
4951,326
4952,302
4953,280
4954,303
4955,326
4956,356
4956,390
4957,389
4958,387
4959,384
4960,359
4961,332
4961,320
4962,282
4963,283
4964,319
4965,335
4966,376
4966,415
4967,390
4968,384
4969,374
4970,346
4971,327
4971,300
4972,299
4973,289
4974,330
4975,368
4975,378
4976,397
4977,400
4978,363
4979,371
4980,352
4980,322
4981,315
4982,301
4983,301
4984,334
4985,363
4985,383
4986,404
4987,382
4988,380
4989,361
4990,344
4990,331
4992,308
4993,290
4994,312
4995,332
4996,357
4996,387
4997,392
4998,384
4999,386
5000,374
5001,335
5001,332
5002,291
5003,291
5004,308
5005,331
5006,370
5006,406
5007,394
5008,396
5009,374
5010,355
5011,322
5011,309
5012,295
5013,285
5014,328
5015,352
5016,377
5016,402
5017,389
5018,367
5019,360
5020,348
5020,318
5021,311
5022,298
5023,288
5024,333
5025,363
5025,380
5026,397
5027,387
5028,365
5029,359
5030,343
5030,329
5031,304
5032,294
5033,297
5035,328
5036,358
5036,379
5037,388
5038,378
5039,378
5040,368
5041,338
5041,328
5042,297
5043,286
5044,310
5045,331
5046,372
5046,393
5047,403
5048,400
5049,376
5050,375
5051,330
5051,313
5052,299
5053,284
5054,320
5055,360
5056,381
5056,413
5057,401
5058,378
5059,364
5060,353
5060,316
5061,309
5062,301
5063,285
5064,344
5065,369
5065,387
5066,402
5067,391
5068,360
5069,363
5070,345
5070,330
5071,316
5072,300
5073,304
5074,326
5075,355
5075,374
5076,383
5078,384
5079,388
5080,372
5081,346
5081,333
5082,291
5083,277
5084,306
5085,311
5086,362
5086,400
5087,401
5088,393
5089,384
5090,358
5091,321
5091,308
5092,283
5093,284
5094,321
5095,358
5096,380
5096,404
5097,391
5098,372
5099,361
5100,340
5101,321
5101,315
5102,296
5103,290
5104,344
5105,345
5105,376
5106,395
5107,377
5108,369
5109,367
5110,349
5110,335
5111,324
5112,292
5113,294
5114,323
5115,344
5115,375
5116,391
5117,393
5118,391
5120,380
5121,350
5121,331
5122,298
5123,279
5124,309
5125,318
5126,372
5126,405
5127,412
5128,390
5129,396
5130,356
5131,330
5131,310
5132,300
5133,281
5134,324
5135,360
5136,382
5136,404
5137,406
5138,369
5139,369
5140,351
5141,331
5141,316
5142,301
5143,293
5144,334
5145,348
5146,375
5146,399
5147,373
5148,375
5149,366
5150,345
5150,333
5151,331
5152,286
5153,296
5154,318
5155,337
5155,376
5156,381
5157,387
5158,376
5159,373
5160,349
5160,330
5161,298
5163,285
5164,300
5165,314
5166,365
5166,386
5167,405
5168,392
5169,385
5170,357
5171,329
5171,307
5172,302
5173,274
5174,318
5175,353
5176,368
5176,401
5177,404
5178,366
5179,370
5180,353
5181,324
5181,314
5182,313
5183,291
5184,324
5185,363
5186,367
5186,397
5187,388
5188,376
5189,366
5190,363
5191,337
5191,332
5192,293
5193,295
5194,315
5195,349
5195,375
5196,393
5197,393
5198,386
5199,380
5200,349
5200,330
5201,302
5202,285
5203,298
5204,323
5206,364
5206,395
5207,410
5208,399
5209,385
5210,368
5211,330
5211,319
5212,304
5213,279
5214,320
5215,348
5216,372
5216,403
5217,400
5218,376
5219,369
5220,356
5221,328
5221,313
5222,303
5223,282
5224,307
5225,359
5226,366
5226,392
5227,393
5228,370
5229,355
5230,354
5231,329
5231,319
5232,293
5233,297
5234,314
5235,351
5235,373
5236,383
5237,382
5238,379
5239,364
5240,352
5240,325
5241,310
5242,285
5243,296
5244,328
5245,344
5245,392
5246,400
5248,392
5249,384
5250,370
5251,333
5251,327
5252,295
5253,291
5254,309
5255,348
5256,367
5256,405
5257,402
5258,386
5259,375
5260,356
5261,329
5261,326
5262,305
5263,283
5264,326
5265,357
5266,370
5266,401
5267,394
5268,367
5269,366
5270,354
5271,337
5271,327
5272,302
5273,300
5274,326
5275,350
5276,369
5276,391
5277,380
5278,383
5279,378
5280,351
5280,338
5281,316
5282,284
5283,298
5284,313
5285,340
5285,389
5286,405
5287,394
5288,387
5289,374
5291,330
5291,323
5292,296
5293,279
5294,301
5295,339
5296,365
5296,404
5297,400
5298,386
5299,366
5300,352
5301,326
5301,320
5302,301
5303,281
5304,317
5305,344
5306,368
5306,395
5307,386
5308,367
5309,365
5310,349
5311,335
5311,326
5312,301
5313,293
5314,324
5315,334
5316,373
5316,388
5317,380
5318,387
5319,375
5320,354
5321,342
5321,312
5322,296
5323,298
5324,310
5325,349
5325,378
5326,405
5327,393
5328,397
5329,370
5330,352
5330,322
5331,307
5332,291
5334,302
5335,339
5336,369
5336,393
5337,412
5338,392
5339,371
5340,367
5341,337
5341,320
5342,309
5343,291
5344,310
5345,346
5346,370
5346,389
5347,392
5348,376
5349,362
5350,359
5351,336
5351,327
5352,304
5353,289
5354,321
5355,331
5356,368
5356,381
5357,387
5358,378
5359,376
5360,352
5361,342
5361,318
5362,294
5363,281
5364,307
5365,337
5365,365
5366,394
5367,389
5368,393
5369,372
5370,359
5370,316
5371,304
5372,274
5373,294
5374,329
5376,365
5376,390
5377,413
5378,391
5379,374
5380,358
5381,333
5381,313
5382,313
5383,288
5384,310
5385,359
5386,373
5386,393
5387,393
5388,369
5389,353
5390,357
5391,335
5391,335
5392,307
5393,301
5394,319
5395,337
5396,366
5396,385
5397,384
5398,384
5399,385
5400,353
5401,348
5401,329
5402,298
5403,292
5404,321
5405,330
5406,380
5406,402
5407,398
5408,394
5409,380
5410,351
5410,324
5411,306
5412,286
5413,302
5414,329
5415,369
5415,396
5416,408
5417,389
5419,373
5420,356
5421,336
5421,319
5422,311
5423,287
5424,310
5425,348
5426,359
5426,387
5427,390
5428,371
5429,359
5430,358
5431,340
5431,331
5432,302
5433,290
5434,304
5435,331
5436,356
5436,385
5437,378
5438,387
5439,374
5440,356
5441,342
5441,317
5442,288
5443,287
5444,308
5445,321
5446,382
5446,386
5447,400
5448,391
5449,381
5450,354
5451,331
5451,291
5452,292
5453,288
5454,322
5455,365
5455,395
5456,409
5457,402
5458,380
5459,359
5460,342
5460,324
5462,309
5463,292
5464,313
5465,342
5466,368
5466,395
5467,397
5468,376
5469,367
5470,359
5471,346
5471,332
5472,319
5473,298
5474,309
5475,335
5476,352
5476,389
5477,382
5478,392
5479,384
5480,363
5481,352
5481,330
5482,294
5483,302
5484,301
5485,332
5486,373
5486,392
5487,397
5488,391
5489,387
5490,348
5491,332
5491,301
5492,294
5493,284
5494,325
5495,353
5495,387
5496,397
5497,394
5498,371
5499,354
5500,339
5500,326
5501,305
5502,297
5504,310
5505,328
5506,362
5506,380
5507,378
5508,376
5509,363
5510,356
5511,347
5511,334
5512,315
5513,285
5514,301
5515,324
5516,350
5516,381
5517,385
5518,388
5519,378
5520,356
5521,353
5521,320
5522,298
5523,293
5524,303
5525,341
5526,363
5526,396
5527,389
5528,398
5529,381
5530,360
5531,335
5531,313
5532,297
5533,293
5534,332
5535,352
5536,390
5536,400
5537,400
5538,383
5539,370
5540,352
5540,334
5541,314
5542,302
5543,302
5544,333
5545,367
5545,384
5547,393
5548,389
5549,367
5550,361
5551,348
5551,333
5552,309
5553,288
5554,310
5555,324
5556,368
5556,386
5557,390
5558,386
5559,381
5560,349
5561,346
5561,322
5562,298
5563,290
5564,310
5565,319
5566,362
5566,394
5567,383
5568,394
5569,377
5570,361
5571,329
5571,308
5572,284
5573,285
5574,312
5575,342
5576,378
5576,406
5577,395
5578,384
5579,365
5580,342
5581,324
5581,308
5582,291
5583,289
5584,330
5585,357
5585,382
5586,397
5587,387
5588,364
5590,361
5591,347
5591,326
5592,305
5593,295
5594,304
5595,324
5596,366
5596,377
5597,394
5598,389
5599,381
5600,355
5601,354
5601,328
5602,302
5603,294
5604,314
5605,316
5606,368
5606,396
5607,390
5608,401
5609,389
5610,368
5611,335
5611,320
5612,291
5613,291
5614,314
5615,350
5616,383
5616,414
5617,401
5618,394
5619,369
5620,346
5621,332
5621,311
5622,289
5623,298
5624,334
5625,355
5626,392
5626,399
5627,386
5628,366
5629,355
5630,342
5630,322
5632,322
5633,299
5634,299
5635,331
5636,352
5636,373
5637,381
5638,379
5639,368
5640,357
5641,349
5641,334
5642,303
5643,300
5644,300
5645,306
5646,362
5646,373
5647,386
5648,385
5649,392
5650,359
5651,342
5651,317
5652,288
5653,275
5654,311
5655,337
5656,373
5656,412
5657,403
5658,388
5659,368
5660,348
5661,326
5661,308
5662,302
5663,302
5664,325
5665,365
5666,377
5666,390
5667,388
5668,370
5669,359
5670,353
5670,330
5671,331
5672,297
5673,304
5675,335
5676,344
5676,382
5677,392
5678,387
5679,382
5680,376
5681,351
5681,338
5682,312
5683,295
5684,295
5685,327
5686,354
5686,381
5687,401
5688,384
5689,396
5690,368
5691,343
5691,322
5692,293
5693,271
5694,318
5695,333
5696,376
5696,410
5697,402
5698,394
5699,374
5700,352
5701,330
5701,313
5702,291
5703,292
5704,319
5705,361
5706,376
5706,394
5707,389
5708,362
5709,356
5710,346
5711,324
5711,322
5712,284
5713,293
5714,320
5715,340
5715,378
5716,394
5718,381
5719,381
5720,366
5721,338
5721,334
5722,308
5723,283
5724,298
5725,327
5726,339
5726,392
5727,398
5728,386
5729,399
5730,371
5731,336
5731,316
5732,284
5733,279
5734,320
5735,335
5736,374
5736,413
5737,407
5738,389
5739,380
5740,348
5741,329
5741,321
5742,309
5743,291
5744,335
5745,361
5746,376
5746,399
5747,396
5748,365
5749,368
5750,354
5751,332
5751,322
5752,298
5753,302
5754,321
5755,351
5756,374
5756,392
5757,382
5758,382
5760,365
5761,352
5761,344
5762,318
5763,285
5764,302
5765,316
5766,338
5766,389
5767,389
5768,399
5769,389
5770,377
5771,334
5771,319
5772,290
5773,278
5774,300
5775,336
5776,367
5776,408
5777,402
5778,381
5779,371
5780,340
5781,332
5781,315
5782,304
5783,287
5784,329
5785,346
5786,372
5786,390
5787,385
5788,364
5789,358
5790,354
5791,332
5791,323
5792,304
5793,287
5794,313
5795,342
5796,368
5796,396
5797,395
5798,383
5799,370
5800,351
5800,335
5801,311
5803,293
5804,308
5805,308
5806,362
5806,379
5807,394
5808,390
5809,389
5810,375
5811,342
5811,332
5812,301
5813,291
5814,304
5815,334
5816,364
5816,402
5817,409
5818,394
5819,379
5820,365
5821,334
5821,321
5822,308
5823,296
5824,319
5825,347
5826,380
5826,390
5827,395
5828,375
5829,358
5830,359
5831,330
5831,325
5832,310
5833,283
5834,325
5835,341
5836,361
5836,388
5837,379
5838,373
5839,372
5840,356
5841,336
5841,318
5842,294
5843,286
5844,303
5846,356
5846,358
5847,405
5848,386
5849,386
5850,374
5851,342
5851,325
5852,300
5853,271
5854,302
5855,327
5856,356
5856,391
5857,395
5858,389
5859,372
5860,372
5861,334
5861,321
5862,306
5863,293
5864,308
5865,355
5866,366
5866,384
5867,403
5868,379
5869,367
5870,365
5871,334
5871,325
5872,303
5873,285
5874,326
5875,340
5876,375
5876,398
5877,392
5878,380
5879,372
5880,350
5881,335
5881,328
5882,304
5883,290
5884,328
5885,355
5886,358
5886,412
5888,381
5889,395
5890,378
5891,359
5891,327
5892,313
5893,287
5894,299
5895,319
5896,357
5896,394
5897,407
5898,397
5899,377
5900,375
5901,338
5901,325
5902,302
5903,285
5904,299
5905,355
5906,363
5906,387
5907,406
5908,378
5909,362
5910,362
5911,327
5911,318
5912,298
5913,286
5914,307
5915,337
5916,368
5916,392
5917,389
5918,377
5919,360
5920,345
5921,334
5921,327
5922,294
5923,284
5924,328
5925,324
5926,365
5926,399
5927,372
5928,394
5929,378
5931,362
5931,323
5932,307
5933,287
5934,284
5935,319
5936,360
5936,390
5937,415
5938,400
5939,383
5940,374
5941,333
5941,321
5942,303
5943,284
5944,309
5945,355
5946,369
5946,397
5947,411
5948,376
5949,365
5950,366
5951,332
5951,322
5952,314
5953,299
5954,313
5955,356
5956,357
5956,392
5957,389
5958,377
5959,377
5960,357
5961,346
5961,339
5962,303
5963,299
5964,319
5965,317
5966,383
5966,377
5967,397
5968,382
5969,393
5970,353
5971,325
5971,315
5972,283
5974,280
5975,329
5976,340
5976,386
5977,415
5978,393
5979,386
5980,367
5981,333
5981,318
5982,304
5983,280
5984,311
5985,333
5986,360
5986,386
5987,390
5988,375
5989,361
5990,355
5991,334
5991,326
5992,313
5993,295
5994,299
5995,345
5996,344
5996,385
5997,387
5998,372
5999,377
6000,358
6001,348
6001,321
6002,297
6003,289
6004,299
6005,338
6006,371
6006,388
6007,408
6008,384
6009,396
6010,350
6011,331
6011,311
6012,281
6013,285
6014,334
6016,343
6017,392
6017,414
6018,398
6019,387
6020,374
6021,340
6021,328
6022,316
6023,294
6024,315
6025,343
6026,369
6026,395
6027,399
6028,383
6029,373
6030,364
6031,341
6031,329
6032,306
6033,288
6034,308
6035,339
6036,363
6036,395
6037,395
6038,382
6039,374
6040,346
6041,339
6041,322
6042,303
6043,290
6044,304
6045,348
6046,357
6046,391
6047,391
6048,381
6049,385
6050,354
6051,326
6051,311
6052,283
6053,283
6054,319
6055,331
6056,385
6056,402
6057,394
6059,383
6060,371
6061,334
6062,321
6062,304
6063,284
6064,303
6065,341
6066,362
6066,391
6067,402
6068,383
6069,373
6070,357
6071,344
6071,319
6072,305
6073,287
6074,304
6075,327
6076,371
6076,387
6077,389
6078,387
6079,371
6080,350
6081,346
6081,326
6082,304
6083,299
6084,313
6085,342
6086,359
6086,400
6087,386
6088,396
6089,387
6090,367
6091,335
6091,318
6092,299
6093,289
6094,310
6095,339
6096,384
6096,402
6097,406
6098,392
6099,379
6100,351
6102,330
6102,305
6103,284
6104,295
6105,334
6106,358
6106,396
6107,410
6108,392
6109,376
6110,363
6111,343
6111,313
6112,309
6113,288
6114,300
6115,333
6116,370
6116,377
6117,391
6118,374
6119,359
6120,350
6121,339
6121,330
6122,304
6123,298
6124,313
6125,315
6126,366
6126,380
6127,374
6128,390
6129,379
6130,370
6131,335
6131,327
6132,293
6133,278
6134,307
6135,340
6136,360
6136,403
6137,401
6138,385
6139,379
6140,352
6141,322
6141,310
6142,288
6144,290
6145,335
6146,355
6147,393
6147,409
6148,392
6149,375
6150,364
6151,342
6151,326
6152,320
6153,294
6154,305
6155,352
6156,356
6156,385
6157,393
6158,371
6159,370
6160,363
6161,344
6161,339
6162,312
6163,297
6164,308
6165,316
6166,367
6166,368
6167,403
6168,389
6169,402
6170,372
6171,347
6171,321
6172,293
6173,277
6174,307
6175,340
6176,368
6176,410
6177,405
6178,387
6179,377
6180,352
6181,318
6181,308
6182,287
6183,288
6184,322
6185,359
6187,386
6187,397
6188,390
6189,372
6190,365
6191,345
6192,328
6192,315
6193,285
6194,294
6195,337
6196,347
6196,391
6197,400
6198,379
6199,370
6200,355
6201,341
6201,327
6202,307
6203,286
6204,293
6205,322
6206,363
6206,369
6207,397
6208,387
6209,388
6210,371
6211,349
6211,325
6212,295
6213,289
6214,308
6215,325
6216,368
6216,407
6217,408
6218,400
6219,385
6220,361
6221,324
6221,312
6222,293
6223,286
6224,325
6225,362
6226,380
6226,407
6227,398
6228,374
6230,366
6231,350
6232,331
6232,315
6233,295
6234,302
6235,338
6236,353
6236,391
6237,393
6238,378
6239,385
6240,361
6241,347
6241,339
6242,314
6243,288
6244,300
6245,320
6246,343
6246,379
6247,388
6248,377
6249,389
6250,367
6251,354
6251,318
6252,297
6253,281
6254,297
6255,325
6256,369
6256,393
6257,406
6258,396
6259,380
6260,362
6261,325
6261,309
6262,296
6263,275
6264,316
6265,360
6266,369
6266,408
6267,396
6268,368
6269,358
6270,350
6272,323
6272,311
6273,299
6274,295
6275,323
6276,358
6277,378
6277,388
6278,384
6279,378
6280,359
6281,354
6281,341
6282,322
6283,296
6284,305
6285,316
6286,339
6286,391
6287,379
6288,394
6289,394
6290,374
6291,350
6291,321
6292,303
6293,284
6294,303
6295,333
6296,369
6296,397
6297,418
6298,391
6299,384
6300,368
6301,331
6301,316
6302,305
6303,287
6304,324
6305,354
6306,375
6306,405
6307,395
6308,372
6309,368
6310,355
6311,323
6311,322
6312,302
6313,288
6315,326
6316,355
6317,363
6317,396
6318,379
6319,370
6320,369
6321,353
6322,334
6322,319
6323,288
6324,293
6325,315
6326,341
6326,374
6327,381
6328,387
6329,385
6330,381
6331,346
6331,316
6332,306
6333,265
6334,293
6335,327
6336,350
6336,402
6337,416
6338,389
6339,384
6340,366
6341,324
6341,317
6342,299
6343,278
6344,316
6345,352
6346,376
6346,400
6347,398
6348,379
6349,373
6350,362
6351,330
6351,332
6352,297
6353,280
6354,323
6355,343
6356,370
6356,410
6358,396
6359,382
6360,377
6361,351
6362,333
6362,317
6363,296
6364,292
6365,326
6366,361
6366,379
6367,405
6368,393
6369,383
6370,374
6371,345
6371,320
6372,304
6373,286
6374,304
6375,333
6376,353
6376,394
6377,403
6378,390
6379,386
6380,374
6381,334
6381,317
6382,302
6383,280
6384,308
6385,349
6386,369
6386,397
6387,408
6388,380
6389,371
6390,353
6391,326
6391,319
6392,285
6393,282
6394,327
6395,341
6396,376
6396,401
6397,378
6398,369
6400,363
6401,337
6402,330
6402,322
6403,289
6404,293
6405,330
6406,340
6407,372
6407,393
6408,380
6409,376
6410,377
6411,345
6411,331
6412,305
6413,293
6414,298
6415,317
6416,353
6416,393
6417,398
6418,399
6419,386
6420,373
6421,339
6421,325
6422,299
6423,281
6424,308
6425,342
6426,372
6426,402
6427,411
6428,385
6429,375
6430,363
6431,335
6431,317
6432,305
6433,289
6434,321
6435,353
6436,384
6436,400
6437,398
6438,374
6439,363
6440,347
6441,335
6441,330
6443,296
6444,300
6445,327
6446,336
6447,372
6447,388
6448,377
6449,385
6450,377
6451,357
6452,335
6452,314
6453,293
6454,288
6455,313
6456,342
6456,379
6457,402
6458,395
6459,391
6460,373
6461,348
6461,316
6462,298
6463,274
6464,302
6465,336
6466,362
6466,399
6467,404
6468,381
6469,373
6470,356
6471,326
6471,315
6472,306
6473,288
6474,314
6475,349
6476,365
6476,387
6477,393
6478,372
6479,365
6480,353
6481,341
6481,325
6482,297
6483,300
6484,307
6486,334
6487,369
6487,381
6488,387
6489,391
6490,383
6491,364
6492,338
6492,313
6493,289
6494,289
6495,315
6496,348
6497,381
6497,414
6498,397
6499,393
6500,377
6501,349
6501,326
6502,305
6503,287
6504,304
6505,335
6506,370
6506,401
6507,401
6508,388
6509,376
6510,362
6511,329
6511,324
6512,308
6513,283
6514,315
6515,356
6516,364
6516,397
6517,397
6518,365
6519,367
6520,360
6521,334
6521,329
6522,303
6523,290
6524,307
6525,338
6526,360
6526,381
6528,386
6529,380
6530,372
6531,359
6532,333
6532,311
6533,288
6534,289
6535,312
6536,347
6537,372
6537,412
6538,390
6539,388
6540,375
6541,343
6541,320
6542,297
6543,294
6544,294
6545,338
6546,365
6546,388
6547,402
6548,388
6549,365
6550,363
6551,333
6551,322
6552,305
6553,289
6554,316
6555,347
6556,362
6556,400
6557,391
6558,374
6559,376
6560,357
6561,340
6561,337
6562,305
6563,290
6564,317
6565,335
6566,358
6566,391
6567,386
6568,386
6569,382
6571,362
6572,337
6572,315
6573,291
6574,296
6575,311
6576,343
6577,384
6577,408
6578,398
6579,396
6580,379
6581,345
6582,327
6582,304
6583,288
6584,296
6585,333
6586,364
6586,389
6587,408
6588,386
6589,364
6590,364
6591,338
6591,321
6592,302
6593,297
6594,301
6595,339
6596,366
6596,390
6597,389
6598,381
6599,366
6600,351
6601,341
6601,335
6602,301
6603,288
6604,307
6605,322
6606,362
6606,388
6607,382
6608,387
6609,376
6610,357
6611,338
6611,310
6612,289
6614,286
6615,313
6616,337
6617,380
6617,396
6618,403
6619,392
6620,381
6621,353
6622,328
6622,308
6623,288
6624,300
6625,328
6626,360
6627,385
6627,414
6628,388
6629,372
6630,371
6631,337
6631,320
6632,319
6633,294
6634,301
6635,343
6636,367
6636,386
6637,402
6638,386
6639,369
6640,359
6641,344
6641,331
6642,306
6643,298
6644,316
6645,330
6646,365
6646,382
6647,385
6648,381
6649,387
6650,358
6651,337
6651,319
6652,296
6653,276
6654,319
6656,332
6657,373
6657,406
6658,402
6659,385
6660,377
6661,348
6662,329
6662,312
6663,286
6664,296
6665,322
6666,358
6667,386
6667,399
6668,378
6669,375
6670,362
6671,340
6671,322
6672,310
6673,284
6674,296
6675,339
6676,361
6676,378
6677,398
6678,381
6679,366
6680,367
6681,349
6681,324
6682,310
6683,291
6684,301
6685,336
6686,362
6686,383
6687,395
6688,386
6689,377
6690,359
6691,339
6691,316
6692,299
6693,282
6694,316
6695,337
6696,364
6696,409
6697,401
6699,381
6700,389
6701,362
6702,339
6702,309
6703,306
6704,288
6705,326
6706,360
6707,381
6707,405
6708,405
6709,379
6710,371
6711,347
6712,323
6712,312
6713,287
6714,299
6715,335
6716,358
6716,386
6717,406
6718,379
6719,373
6720,360
6721,347
6721,326
6722,313
6723,290
6724,305
6725,334
6726,353
6726,384
6727,384
6728,390
6729,373
6730,359
6731,339
6731,323
6732,293
6733,284
6734,306
6735,326
6736,360
6736,402
6737,384
6738,387
6739,384
6740,360
6742,337
6742,306
6743,296
6744,276
6745,321
6746,351
6747,375
6747,401
6748,403
6749,379
6750,372
6751,348
6752,323
6752,301
6753,287
6754,296
6755,331
6756,366
6757,388
6757,403
6758,388
6759,373
6760,359
6761,344
6761,326
6762,317
6763,294
6764,309
6765,336
6766,354
6766,386
6767,387
6768,386
6769,377
6770,368
6771,343
6771,334
6772,301
6773,294
6774,304
6775,331
6776,361
6776,399
6777,398
6778,397
6779,386
6780,368
6781,336
6781,311
6782,305
6784,278
6785,328
6786,351
6787,380
6787,409
6788,399
6789,372
6790,364
6791,352
6792,311
6792,312
6793,300
6794,291
6795,337
6796,361
6797,376
6797,389
6798,385
6799,363
6800,359
6801,346
6801,339
6802,318
6803,297
6804,303
6805,320
6806,343
6806,373
6807,376
6808,377
6809,377
6810,365
6811,349
6811,336
6812,294
6813,292
6814,289
6815,316
6816,360
6816,380
6817,399
6818,402
6819,384
6820,375
6821,336
6821,315
6822,291
6823,279
6824,315
6825,347
6827,380
6827,414
6828,404
6829,386
6830,374
6831,347
6832,324
6832,316
6833,295
6834,287
6835,340
6836,355
6837,380
6837,391
6838,389
6839,362
6840,372
6841,359
6842,338
6842,325
6843,310
6844,298
6845,325
6846,354
6846,372
6847,389
6848,394
6849,385
6850,374
6851,354
6851,329
6852,300
6853,282
6854,296
6855,321
6856,365
6856,390
6857,414
6858,389
6859,382
6860,361
6861,330
6861,304
6862,300
6863,290
6864,312
6865,356
6866,375
6866,394
6867,398
6868,375
6870,360
6871,356
6872,327
6872,313
6873,300
6874,284
6875,332
6876,347
6877,372
6877,389
6878,383
6879,363
6880,365
6881,350
6882,334
6882,323
6883,295
6884,286
6885,323
6886,345
6887,377
6887,388
6888,393
6889,378
6890,366
6891,354
6891,321
6892,301
6893,284
6894,305
6895,318
6896,370
6896,391
6897,411
6898,389
6899,392
6900,358
6901,337
6901,311
6902,305
6903,291
6904,312
6905,352
6906,380
6906,394
6907,405
6908,380
6909,364
6910,361
6912,336
6912,313
6913,306
6914,297
6915,320
6916,356
6917,377
6917,392
6918,398
6919,373
6920,368
6921,361
6922,328
6922,322
6923,299
6924,285
6925,322
6926,352
6927,372
6927,397
6928,395
6929,374
6930,366
6931,351
6932,318
6932,305
6933,289
6934,295
6935,319
6936,359
6936,379
6937,405
6938,383
6939,388
6940,361
6941,338
6941,316
6942,307
6943,281
6944,312
6945,343
6946,366
6946,391
6947,405
6948,370
6949,367
6950,358
6951,328
6951,311
6952,311
6953,287
6955,311
6956,355
6957,366
6957,394
6958,390
6959,378
6960,363
6961,360
6962,337
6962,329
6963,291
6964,299
6965,317
6966,343
6967,375
6967,390
6968,392
6969,386
6970,374
6971,350
6972,334
6972,305
6973,290
6974,293
6975,318
6976,349
6976,387
6977,404
6978,397
6979,391
6980,375
6981,342
6981,327
6982,306
6983,284
6984,313
6985,335
6986,368
6986,403
6987,406
6988,385
6989,378
6990,361
6991,333
6991,319
6992,305
6993,278
6994,307
6995,356
6996,360
6996,395
6998,395
6999,379
7000,364
7001,360
7002,328
7002,322
7003,293
7004,293
7005,313
7006,350
7007,366
7007,397
7008,391
7009,378
7010,373
7011,345
7012,326
7012,312
7013,281
7014,285
7015,327
7016,340
7017,384
7017,399
7018,387
7019,375
7020,384
7021,330
7021,330
7022,302
7023,284
7024,303
7025,336
7026,365
7026,401
7027,407
7028,389
7029,376
7030,368
7031,323
7031,323
7032,304
7033,274
7034,323
7035,358
7036,361
7036,407
7037,404
7038,364
7040,373
7041,354
7042,323
7042,332
7043,303
7044,293
7045,330
7046,347
7047,369
7047,399
7048,380
7049,384
7050,377
7051,352
7052,336
7052,323
7053,286
7054,296
7055,322
7056,332
7057,381
7057,407
7058,391
7059,391
7060,388
7061,336
7062,326
7062,302
7063,281
7064,291
7065,338
7066,359
7066,402
7067,408
7068,390
7069,375
7070,361
7071,325
7071,321
7072,297
7073,275
7074,317
7075,346
7076,363
7076,398
7077,398
7078,364
7079,369
7080,358
7081,326
7081,328
7083,308
7084,283
7085,319
7086,336
7087,360
7087,394
7088,379
7089,384
7090,372
7091,352
7092,343
7092,321
7093,293
7094,291
7095,309
7096,340
7097,371
7097,400
7098,393
7099,396
7100,382
7101,360
7102,318
7102,313
7103,290
7104,287
7105,340
7106,361
7106,384
7107,427
7108,391
7109,374
7110,373
7111,331
7111,319
7112,312
7113,294
7114,308
7115,350
7116,364
7116,390
7117,395
7118,373
7119,369
7120,362
7121,340
7121,337
7122,311
7123,291
7124,320
7126,325
7127,366
7127,390
7128,386
7129,383
7130,384
7131,347
7132,347
7132,321
7133,290
7134,283
7135,311
7136,330
7137,361
7137,393
7138,387
7139,390
7140,384
7141,350
7142,320
7142,306
7143,279
7144,296
7145,323
7146,361
7147,389
7147,419
7148,390
7149,375
7150,362
7151,332
7151,317
7152,308
7153,285
7154,299
7155,349
7156,362
7156,386
7157,390
7158,375
7159,360
7160,357
7161,341
7161,336
7162,312
7163,295
7164,310
7165,327
7166,363
7166,380
7168,391
7169,386
7170,391
7171,366
7172,344
7172,328
7173,294
7174,282
7175,317
7176,337
7177,374
7177,412
7178,402
7179,382
7180,385
7181,338
7182,324
7182,307
7183,293
7184,302
7185,330
7186,370
7187,391
7187,408
7188,388
7189,371
7190,366
7191,344
7192,326
7192,320
7193,291
7194,303
7195,346
7196,353
7196,387
7197,395
7198,382
7199,369
7200,366
7201,344
7201,331
7202,301
7203,288
7204,295
7205,330
7206,355
7206,390
7207,386
7208,388
7209,377
7211,356
7212,337
7212,317
7213,284
7214,286
7215,313
7216,328
7217,372
7217,400
7218,399
7219,381
7220,384
7221,341
7222,331
7222,297
7223,299
7224,287
7225,319
7226,358
7227,382
7227,401
7228,394
7229,377
7230,366
7231,346
7232,325
7232,314
7233,289
7234,303
7235,336
7236,354
7236,385
7237,401
7238,391
7239,371
7240,376
7241,348
7241,324
7242,314
7243,291
7244,295
7245,345
7246,359
7246,399
7247,400
7248,389
7249,376
7250,359
7251,336
7251,323
7252,298
7254,302
7255,308
7256,342
7257,366
7257,394
7258,395
7259,380
7260,390
7261,353
7262,339
7262,307
7263,312
7264,279
7265,324
7266,353
7267,375
7267,402
7268,405
7269,371
7270,368
7271,351
7272,323
7272,306
7273,296
7274,290
7275,327
7276,360
7277,383
7277,392
7278,380
7279,365
7280,355
7281,342
7281,321
7282,318
7283,286
7284,309
7285,335
7286,351
7286,385
7287,391
7288,381
7289,375
7290,353
7291,342
7291,321
7292,304
7293,288
7294,300
7296,333
7297,353
7297,393
7298,382
7299,395
7300,376
7301,365
7302,334
7302,316
7303,300
7304,282
7305,323
7306,343
7307,377
7307,407
7308,406
7309,386
7310,378
7311,357
7312,330
7312,308
7313,297
7314,288
7315,331
7316,369
7317,386
7317,398
7318,398
7319,365
7320,363
7321,348
7322,326
7322,315
7323,291
7324,309
7325,331
7326,365
7326,378
7327,395
7328,377
7329,378
7330,368
7331,350
7331,329
7332,315
7333,282
7334,305
7335,326
7336,347
7336,394
7337,392
7339,396
7340,384
7341,371
7342,327
7342,318
7343,287
7344,278
7345,310
7346,341
7347,376
7347,409
7348,403
7349,379
7350,370
7351,342
7352,317
7352,306
7353,300
7354,288
7355,337
7356,358
7357,375
7357,397
7358,384
7359,364
7360,359
7361,351
7362,331
7362,313
7363,294
7364,301
7365,314
7366,358
7367,373
7367,390
7368,391
7369,382
7370,363
7371,359
7371,325
7372,308
7373,282
7374,308
7375,311
7376,367
7376,394
7377,398
7378,396
7379,385
7380,369
7382,330
7382,318
7383,293
7384,293
7385,319
7386,352
7387,380
7387,409
7388,401
7389,385
7390,371
7391,351
7392,328
7392,319
7393,297
7394,294
7395,336
7396,349
7397,381
7397,395
7398,388
7399,368
7400,368
7401,354
7402,328
7402,322
7403,299
7404,291
7405,322
7406,352
7407,372
7407,393
7408,389
7409,376
7410,368
7411,348
7411,327
7412,303
7413,291
7414,298
7415,310
7416,369
7416,375
7417,399
7418,379
7419,385
7420,358
7421,333
7421,314
7422,297
7424,285
7425,311
7426,348
7427,368
7427,399
7428,401
7429,378
7430,367
7431,356
7432,327
7432,319
7433,304
7434,291
7435,322
7436,352
7437,374
7437,396
7438,387
7439,375
7440,362
7441,348
7442,329
7442,331
7443,294
7444,300
7445,331
7446,339
7447,385
7447,394
7448,388
7449,383
7450,373
7451,349
7452,341
7452,313
7453,300
7454,289
7455,330
7456,349
7456,379
7457,407
7458,383
7459,400
7460,369
7461,344
7461,317
7462,302
7463,277
7464,314
7465,338
7467,370
7467,406
7468,404
7469,386
7470,369
7471,358
7472,331
7472,318
7473,304
7474,293
7475,315
7476,357
7477,370
7477,381
7478,393
7479,369
7480,362
7481,359
7482,335
7482,324
7483,285
7484,290
7485,313
7486,336
7487,377
7487,384
7488,391
7489,381
7490,373
7491,349
7492,328
7492,306
7493,283
7494,287
7495,334
7496,341
7497,391
7497,404
7498,390
7499,387
7500,366
7501,335
7501,313
7502,302
7503,281
7504,307
7505,341
7506,366
7506,399
7507,407
7508,380
7510,377
7511,360
7512,334
7512,320
7513,317
7514,279
7515,320
7516,361
7517,364
7517,401
7518,408
7519,373
7520,374
7521,362
7522,329
7522,324
7523,298
7524,295
7525,319
7526,350
7527,378
7527,393
7528,392
7529,378
7530,374
7531,345
7532,333
7532,323
7533,282
7534,309
7535,325
7536,341
7537,393
7537,400
7538,386
7539,385
7540,378
7541,332
7541,329
7542,301
7543,284
7544,302
7545,332
7546,356
7546,393
7547,404
7548,377
7549,380
7550,353
7552,330
7552,318
7553,303
7554,271
7555,321
7556,341
7557,365
7557,397
7558,392
7559,373
7560,367
7561,359
7562,328
7562,316
7563,302
7564,288
7565,312
7566,352
7567,361
7567,391
7568,390
7569,372
7570,370
7571,354
7572,335
7572,319
7573,288
7574,303
7575,303
7576,354
7577,377
7577,396
7578,401
7579,383
7580,390
7581,344
7582,335
7582,305
7583,292
7584,292
7585,337
7586,360
7586,391
7587,417
7588,390
7589,381
7590,369
7591,335
7591,320
7592,312
7593,284
7595,316
7596,346
7597,371
7597,395
7598,400
7599,377
7600,371
7601,366
7602,329
7602,326
7603,312
7604,282
7605,330
7606,343
7607,359
7607,398
7608,383
7609,373
7610,377
7611,354
7612,337
7612,321
7613,296
7614,288
7615,305
7616,347
7617,348
7617,399
7618,386
7619,389
7620,379
7621,348
7622,331
7622,305
7623,283
7624,294
7625,323
7626,349
7627,388
7627,402
7628,385
7629,375
7630,367
7631,330
7631,315
7632,298
7633,284
7634,305
7635,349
7636,369
7636,387
7638,405
7639,379
7640,363
7641,365
7642,331
7642,327
7643,306
7644,288
7645,325
7646,337
7647,368
7647,393
7648,385
7649,377
7650,380
7651,356
7652,341
7652,330
7653,300
7654,282
7655,320
7656,343
7657,356
7657,415
7658,393
7659,402
7660,384
7661,365
7662,328
7662,310
7663,286
7664,296
7665,321
7666,365
7667,400
7667,417
7668,402
7669,375
7670,369
7671,327
7671,322
7672,304
7673,289
7674,298
7675,359
7676,367
7676,392
7677,401
7678,371
7680,356
7681,365
7682,335
7682,327
7683,314
7684,292
7685,312
7686,329
7687,361
7687,380
7688,384
7689,384
7690,375
7691,355
7692,340
7692,326
7693,284
7694,275
7695,313
7696,312
7697,367
7697,404
7698,386
7699,393
7700,379
7701,352
7702,318
7702,302
7703,288
7704,290
7705,321
7706,361
7707,385
7707,409
7708,394
7709,374
7710,367
7711,337
7712,328
7712,309
7713,290
7714,304
7715,344
7716,352
7716,384
7717,398
7718,383
7719,373
7720,371
7721,345
7721,326
7723,313
7724,299
7725,299
7726,345
7727,359
7727,388
7728,400
7729,387
7730,377
7731,370
7732,345
7732,329
7733,294
7734,291
7735,315
7736,328
7737,378
7737,393
7738,404
7739,390
7740,389
7741,356
7742,327
7742,314
7743,293
7744,278
7745,324
7746,352
7747,378
7747,411
7748,398
7749,378
7750,373
7751,340
7752,324
7752,312
7753,281
7754,298
7755,329
7756,356
7757,390
7757,397
7758,376
7759,368
7760,361
7761,339
7761,325
7762,312
7763,283
7764,297
7766,340
7767,344
7767,393
7768,385
7769,375
7770,377
7771,354
7772,344
7772,320
7773,298
7774,291
7775,297
7776,339
7777,366
7777,378
7778,411
7779,378
7780,397
7781,355
7782,334
7782,311
7783,288
7784,285
7785,328
7786,340
7787,384
7787,415
7788,401
7789,387
7790,374
7791,343
7792,325
7792,313
7793,291
7794,310
7795,336
7796,367
7797,388
7797,395
7798,386
7799,372
7800,371
7801,348
7802,336
7802,320
7803,291
7804,307
7805,338
7806,350
7806,392
7808,390
7809,383
7810,383
7811,360
7812,350
7812,323
7813,308
7814,282
7815,293
7816,338
7817,351
7817,396
7818,400
7819,394
7820,388
7821,356
7822,332
7822,310
7823,287
7824,280
7825,319
7826,335
7827,388
7827,403
7828,395
7829,386
7830,365
7831,337
7832,327
7832,307
7833,290
7834,292
7835,320
7836,360
7837,377
7837,394
7838,388
7839,365
7840,358
7841,349
7842,323
7842,314
7843,289
7844,300
7845,320
7846,361
7846,384
7847,392
7848,395
7849,379
7851,361
7852,350
7852,326
7853,299
7854,289
7855,304
7856,330
7857,351
7857,403
7858,391
7859,398
7860,394
7861,367
7862,331
7862,321
7863,297
7864,284
7865,318
7866,341
7867,383
7867,412
7868,404
7869,390
7870,378
7871,348
7872,330
7872,313
7873,294
7874,293
7875,338
7876,356
7877,387
7877,400
7878,386
7879,367
7880,367
7881,349
7882,325
7882,318
7883,295
7884,301
7885,327
7886,366
7887,370
7887,394
7888,388
7889,362
7890,362
7891,349
7891,327
7892,305
7894,288
7895,298
7896,313
7897,357
7897,387
7898,384
7899,397
7900,378
7901,369
7902,337
7902,318
7903,297
7904,274
7905,299
7906,342
7907,360
7907,403
7908,400
7909,382
7910,372
7911,351
7912,326
7912,314
7913,297
7914,286
7915,332
7916,355
7917,389
7917,399
7918,391
7919,366
7920,360
7921,349
7922,325
7922,327
7923,303
7924,299
7925,340
7926,353
7927,371
7927,394
7928,379
7929,375
7930,373
7931,351
7932,342
7932,316
7933,299
7934,302
7936,309
7937,368
7937,373
7938,403
7939,399
7940,390
7941,381
7942,335
7942,330
7943,299
7944,274
7945,318
7946,335
7947,358
7947,413
7948,398
7949,385
7950,380
7951,356
7952,327
7952,321
7953,294
7954,288
7955,324
7956,351
7957,375
7957,393
7958,390
7959,370
7960,369
7961,351
7962,334
7962,325
7963,287
7964,283
7965,327
7966,333
7967,378
7967,392
7968,375
7969,380
7970,361
7971,345
7972,337
7972,311
7973,288
7974,293
7975,312
7976,354
7976,362
7977,397
7979,379
7980,394
7981,374
7982,348
7982,328
7983,291
7984,282
7985,308
7986,325
7987,367
7987,412
7988,407
7989,398
7990,381
7991,358
7992,326
7992,318
7993,297
7994,283
7995,321
7996,363
7997,375
7997,402
7998,403
7999,363
8000,370
8001,359
8002,330
8002,329
8003,304
8004,296
8005,337
8006,346
8007,383
8007,395
8008,385
8009,385
8010,367
8011,350
8012,339
8012,325
8013,288
8014,300
8015,317
8016,337
8017,383
8017,399
8018,386
8019,403
8020,372
8022,347
8022,323
8023,289
8024,282
8025,302
8026,323
8027,372
8027,406
8028,404
8029,393
8030,374
8031,348
8032,323
8032,310
8033,296
8034,280
8035,318
8036,354
8037,364
8037,394
8038,386
8039,359
8040,359
8041,356
8042,331
8042,324
8043,306
8044,291
8045,313
8046,343
8047,368
8047,385
8048,384
8049,382
8050,362
8051,356
8052,337
8052,318
8053,282
8054,297
8055,312
8056,339
8057,394
8057,391
8058,393
8059,400
8060,374
8061,348
8062,322
8062,295
8064,290
8065,300
8066,329
8067,375
8067,396
8068,416
8069,397
8070,381
8071,366
8072,337
8072,323
8073,307
8074,287
8075,318
8076,351
8077,371
8077,399
8078,400
8079,377
8080,369
8081,367
8082,335
8082,326
8083,309
8084,286
8085,315
8086,351
8087,361
8087,400
8088,393
8089,378
8090,372
8091,354
8092,336
8092,318
8093,289
8094,289
8095,311
8096,340
8097,375
8097,385
8098,391
8099,391
8100,378
8101,343
8102,321
8102,307
8103,272
8104,292
8105,327
8107,345
8107,393
8108,409
8109,383
8110,380
8111,366
8112,324
8112,321
8113,303
8114,279
8115,312
8116,340
8117,363
8117,390
8118,392
8119,380
8120,370
8121,362
8122,334
8122,328
8123,302
8124,279
8125,314
8126,346
8127,357
8127,411
8128,397
8129,384
8130,381
8131,352
8132,333
8132,321
8133,294
8134,288
8135,322
8136,351
8137,368
8137,400
8138,387
8139,382
8140,391
8141,350
8142,329
8142,321
8143,286
8144,303
8145,330
8146,345
8147,399
8147,405
8148,403
8150,389
8151,378
8152,337
8152,326
8153,305
8154,279
8155,299
8156,348
8157,371
8157,394
8158,413
8159,376
8160,363
8161,358
8162,326
8162,315
8163,301
8164,281
8165,322
8166,346
8167,365
8167,401
8168,384
8169,371
8170,367
8171,340
8172,333
8172,331
8173,294
8174,289
8175,320
8176,324
8177,361
8177,390
8178,374
8179,382
8180,389
8181,354
8182,334
8182,307
8183,280
8184,288
8185,308
8186,341
8187,389
8187,410
8188,401
8189,390
8190,377
8192,333
8193,318
8193,299
8194,279
8195,304
8196,348
8197,371
8197,392
8198,417
8199,377
8200,367
8201,363
8202,331
8202,317
8203,318
8204,293
8205,316
8206,351
8207,363
8207,392
8208,392
8209,375
8210,378
8211,357
8212,348
8212,338
8213,299
8214,293
8215,318
8216,322
8217,363
8217,397
8218,385
8219,398
8220,400
8221,361
8222,340
8222,311
8223,283
8224,281
8225,314
8226,344
8227,393
8227,412
8228,399
8229,390
8230,368
8231,336
8232,316
8232,299
8233,285
8235,301
8236,339
8237,368
8238,388
8238,402
8239,374
8240,359
8241,359
8242,331
8242,324
8243,320
8244,286
8245,302
8246,343
8247,350
8247,378
8248,395
8249,371
8250,377
8251,360
8252,342
8252,329
8253,298
8254,286
8255,301
8256,320
8257,362
8257,384
8258,389
8259,387
8260,388
8261,364
8262,335
8262,315
8263,283
8264,288
8265,322
8266,344
8267,382
8267,420
8268,401
8269,387
8270,374
8271,342
8272,323
8272,310
8273,302
8274,304
8275,340
8276,367
8278,386
8278,396
8279,386
8280,367
8281,366
8282,340
8282,329
8283,325
8284,289
8285,307
8286,346
8287,344
8287,389
8288,402
8289,374
8290,384
8291,369
8292,342
8292,337
8293,302
8294,287
8295,302
8296,330
8297,355
8297,382
8298,397
8299,381
8300,389
8301,362
8302,332
8302,314
8303,280
8304,282
8305,309
8306,334
8307,383
8307,411
8308,396
8309,387
8310,371
8311,343
8312,323
8312,304
8313,290
8314,294
8315,333
8316,367
8317,385
8317,396
8318,386
8320,361
8321,358
8322,340
8323,322
8323,308
8324,288
8325,302
8326,334
8327,352
8327,389
8328,394
8329,380
8330,378
8331,360
8332,341
8332,334
8333,308
8334,288
8335,309
8336,334
8337,354
8337,392
8338,401
8339,387
8340,398
8341,365
8342,337
8342,314
8343,289
8344,290
8345,316
8346,339
8347,385
8347,407
8348,401
8349,392
8350,377
8351,349
8352,327
8352,316
8353,297
8354,293
8355,339
8356,364
8357,380
8357,407
8358,391
8359,367
8360,373
8361,348
8363,323
8363,313
8364,295
8365,292
8366,330
8367,359
8368,382
8368,393
8369,385
8370,371
8371,360
8372,342
8372,329
8373,302
8374,282
8375,306
8376,319
8377,355
8377,388
8378,390
8379,383
8380,392
8381,357
8382,340
8382,311
8383,283
8384,284
8385,307
8386,329
8387,386
8387,397
8388,395
8389,389
8390,368
8391,347
8392,326
8392,313
8393,290
8394,298
8395,324
8396,358
8397,374
8397,405
8398,392
8399,370
8400,375
8401,347
8402,326
8402,322
8403,302
8404,289
8406,337
8407,363
8408,377
8408,404
8409,389
8410,372
8411,362
8412,344
8412,328
8413,315
8414,300
8415,314
8416,329
8417,361
8417,385
8418,387
8419,382
8420,387
8421,370
8422,346
8422,332
842