0,-328.89
0,-364.44
1,-444.44
2,-355.56
2,-435.56
3,-568.89
4,-542.22
4,-675.56
5,-817.78
6,-1040.00
6,-977.78
7,-951.11
7,-853.33
8,-622.22
9,-364.44
9,-320.00
10,-266.67
11,-320.00
11,-213.33
12,-355.56
13,-622.22
14,-853.33
15,-1093.33
16,-960.00
17,-737.78
18,-302.22
19,-142.22
20,-204.44
21,-471.11
22,-631.11
23,-755.56
24,-880.00
25,-897.78
26,-862.22
27,-586.67
28,-373.33
29,-302.22
30,-355.56
31,-480.00
32,-524.44
33,-657.78
34,-720.00
35,-960.00
36,-791.11
37,-657.78
38,-391.11
39,-320.00
40,-364.44
41,-355.56
43,-533.33
44,-666.67
45,-880.00
46,-1048.89
47,-951.11
48,-560.00
49,-195.56
50,-177.78
51,-240.00
52,-444.44
53,-720.00
54,-817.78
55,-977.78
56,-826.67
57,-657.78
58,-346.67
59,-231.11
60,-311.11
61,-453.33
62,-515.56
63,-648.89
64,-711.11
65,-942.22
66,-986.67
67,-702.22
68,-400.00
69,-204.44
70,-328.89
71,-453.33
72,-613.33
73,-693.33
74,-720.00
75,-906.67
76,-862.22
77,-773.33
78,-391.11
79,-382.22
80,-337.78
81,-373.33
82,-515.56
83,-648.89
84,-942.22
86,-1031.11
87,-888.89
88,-560.00
89,-311.11
90,-240.00
91,-355.56
92,-382.22
93,-622.22
94,-711.11
95,-862.22
96,-942.22
97,-853.33
98,-524.44
99,-248.89
100,-195.56
101,-346.67
102,-471.11
103,-622.22
104,-737.78
106,-924.44
107,-862.22
108,-577.78
109,-364.44
110,-320.00
111,-444.44
112,-462.22
113,-586.67
114,-613.33
115,-888.89
116,-853.33
117,-693.33
119,-346.67
120,-337.78
121,-328.89
122,-400.00
123,-604.44
124,-808.89
125,-942.22
126,-888.89
128,-711.11
129,-408.89
130,-302.22
131,-364.44
132,-480.00
134,-693.33
135,-853.33
136,-960.00
137,-728.89
138,-506.67
139,-160.00
140,-204.44
141,-293.33
142,-551.11
143,-684.44
144,-862.22
145,-1048.89
147,-960.00
148,-577.78
149,-311.11
150,-266.67
151,-400.00
152,-506.67
153,-568.89
154,-746.67
155,-1013.33
156,-897.78
157,-684.44
159,-293.33
160,-328.89
161,-355.56
162,-488.89
163,-622.22
164,-746.67
165,-924.44
166,-977.78
167,-711.11
168,-364.44
169,-231.11
171,-311.11
172,-373.33
174,-622.22
175,-791.11
176,-862.22
177,-800.00
178,-568.89
179,-266.67
180,-222.22
181,-400.00
182,-568.89
183,-693.33
184,-826.67
185,-942.22
187,-871.11
188,-577.78
189,-302.22
190,-168.89
191,-391.11
192,-488.89
193,-675.56
194,-800.00
195,-1013.33
196,-933.33
197,-711.11
198,-346.67
200,-266.67
201,-293.33
202,-435.56
203,-631.11
204,-764.44
205,-1066.67
206,-1031.11
207,-755.56
208,-302.22
209,-231.11
211,-248.89
212,-337.78
214,-613.33
215,-791.11
216,-977.78
217,-906.67
218,-657.78
219,-320.00
220,-240.00
221,-400.00
222,-524.44
223,-657.78
224,-826.67
226,-897.78
227,-853.33
228,-560.00
229,-320.00
230,-240.00
231,-435.56
232,-506.67
233,-666.67
234,-800.00
235,-924.44
236,-835.56
237,-684.44
238,-391.11
240,-266.67
241,-346.67
242,-426.67
243,-586.67
244,-684.44
245,-986.67
246,-888.89
247,-728.89
248,-417.78
249,-266.67
250,-328.89
251,-337.78
253,-648.89
254,-773.33
256,-1048.89
257,-1013.33
258,-684.44
259,-266.67
260,-160.00
261,-302.22
262,-426.67
263,-568.89
264,-737.78
266,-853.33
267,-951.11
268,-675.56
269,-426.67
270,-346.67
271,-408.89
272,-488.89
273,-613.33
274,-728.89
275,-862.22
276,-906.67
277,-755.56
278,-453.33
280,-266.67
281,-337.78
282,-391.11
283,-551.11
284,-693.33
285,-977.78
286,-915.56
287,-764.44
288,-542.22
289,-364.44
290,-382.22
291,-364.44
293,-622.22
294,-755.56
295,-986.67
296,-880.00
297,-568.89
299,-293.33
300,-88.89
301,-275.56
302,-364.44
303,-675.56
304,-737.78
305,-986.67
306,-1031.11
308,-675.56
309,-302.22
310,-204.44
311,-293.33
312,-480.00
313,-542.22
314,-737.78
315,-871.11
316,-1066.67
317,-755.56
318,-453.33
320,-231.11
321,-337.78
322,-364.44
323,-568.89
324,-640.00
325,-871.11
326,-995.56
327,-906.67
328,-586.67
329,-257.78
330,-293.33
331,-160.00
332,-542.22
334,-657.78
335,-942.22
336,-897.78
337,-835.56
338,-426.67
339,-213.33
340,-320.00
342,-426.67
343,-711.11
344,-728.89
345,-986.67
346,-888.89
347,-622.22
349,-320.00
350,-266.67
351,-320.00
352,-568.89
353,-577.78
354,-808.89
355,-871.11
356,-1013.33
357,-737.78
358,-488.89
359,-266.67
361,-346.67
362,-391.11
363,-568.89
364,-657.78
365,-942.22
366,-1048.89
367,-871.11
368,-471.11
369,-151.11
370,-186.67
371,-124.44
372,-506.67
374,-693.33
375,-977.78
376,-1048.89
377,-853.33
378,-435.56
379,-248.89
380,-364.44
381,-462.22
382,-640.00
384,-631.11
385,-862.22
387,-808.89
388,-613.33
389,-346.67
390,-275.56
391,-391.11
392,-551.11
393,-577.78
394,-737.78
395,-835.56
396,-960.00
397,-737.78
398,-524.44
399,-293.33
401,-346.67
402,-391.11
403,-568.89
404,-684.44
405,-888.89
406,-960.00
407,-835.56
408,-551.11
409,-266.67
410,-337.78
411,-257.78
412,-568.89
413,-693.33
415,-1022.22
416,-1146.67
417,-906.67
418,-435.56
419,-177.78
420,-195.56
421,-355.56
422,-568.89
423,-648.89
424,-862.22
427,-915.56
428,-791.11
429,-453.33
430,-346.67
431,-400.00
432,-533.33
433,-488.89
434,-675.56
435,-728.89
436,-924.44
437,-782.22
438,-560.00
439,-275.56
441,-240.00
442,-364.44
443,-462.22
444,-702.22
445,-871.11
446,-1004.44
447,-826.67
448,-551.11
449,-320.00
450,-328.89
451,-320.00
452,-533.33
454,-711.11
455,-915.56
456,-1022.22
457,-675.56
458,-391.11
459,-80.00
460,-213.33
461,-293.33
462,-560.00
463,-684.44
464,-942.22
465,-1093.33
467,-844.44
468,-444.44
470,-284.44
471,-284.44
472,-462.22
473,-471.11
474,-720.00
475,-808.89
476,-1004.44
477,-862.22
478,-542.22
480,-213.33
481,-275.56
482,-373.33
483,-595.56
484,-684.44
485,-862.22
486,-995.56
487,-915.56
488,-613.33
489,-382.22
490,-337.78
491,-320.00
493,-408.89
494,-648.89
495,-871.11
496,-960.00
497,-702.22
498,-568.89
499,-204.44
500,-311.11
501,-382.22
502,-577.78
503,-702.22
504,-897.78
505,-986.67
507,-720.00
508,-417.78
509,-177.78
510,-240.00
512,-435.56
513,-524.44
514,-737.78
515,-880.00
516,-986.67
517,-835.56
518,-462.22
519,-240.00
520,-293.33
522,-408.89
523,-568.89
524,-613.33
525,-808.89
526,-977.78
527,-915.56
528,-586.67
529,-266.67
530,-231.11
531,-231.11
532,-373.33
533,-684.44
535,-888.89
536,-1137.78
537,-968.89
538,-702.22
539,-213.33
540,-257.78
541,-284.44
542,-515.56
543,-613.33
544,-826.67
545,-933.33
546,-782.22
548,-515.56
549,-284.44
550,-311.11
551,-497.78
552,-586.67
553,-693.33
555,-720.00
556,-951.11
557,-853.33
558,-648.89
559,-373.33
560,-284.44
562,-408.89
563,-515.56
564,-568.89
565,-728.89
566,-871.11
567,-897.78
568,-613.33
569,-426.67
570,-337.78
571,-391.11
572,-400.00
573,-675.56
574,-844.44
576,-1084.44
577,-906.67
578,-586.67
579,-124.44
580,-53.33
581,-231.11
582,-391.11
583,-684.44
584,-826.67
585,-1022.22
586,-951.11
587,-640.00
589,-320.00
590,-248.89
591,-364.44
592,-444.44
593,-568.89
594,-720.00
595,-942.22
596,-951.11
598,-773.33
599,-391.11
600,-293.33
601,-337.78
603,-417.78
604,-542.22
605,-684.44
606,-986.67
607,-968.89
608,-808.89
609,-515.56
610,-302.22
611,-337.78
612,-257.78
613,-560.00
614,-746.67
615,-951.11
617,-880.00
618,-604.44
619,-355.56
620,-213.33
621,-364.44
622,-488.89
623,-782.22
624,-817.78
625,-1057.78
626,-942.22
627,-551.11
628,-195.56
630,-142.22
631,-311.11
632,-408.89
633,-613.33
634,-764.44
635,-1013.33
636,-986.67
637,-755.56
638,-293.33
640,-275.56
641,-346.67
643,-480.00
644,-604.44
645,-702.22
646,-977.78
647,-942.22
648,-817.78
649,-435.56
650,-168.89
651,-257.78
652,-195.56
653,-577.78
654,-728.89
655,-951.11
657,-933.33
658,-746.67
659,-382.22
660,-222.22
661,-346.67
662,-453.33
663,-737.78
664,-737.78
665,-951.11
666,-800.00
667,-515.56
668,-204.44
670,-213.33
671,-382.22
672,-551.11
673,-684.44
674,-844.44
675,-933.33
676,-986.67
677,-666.67
678,-364.44
679,-257.78
680,-382.22
681,-497.78
683,-613.33
685,-755.56
686,-960.00
687,-960.00
688,-808.89
689,-417.78
690,-222.22
691,-337.78
692,-248.89
693,-648.89
694,-773.33
695,-1102.22
696,-1075.56
698,-817.78
699,-364.44
700,-151.11
701,-275.56
702,-346.67
703,-622.22
704,-684.44
705,-915.56
706,-808.89
707,-648.89
708,-337.78
710,-293.33
711,-391.11
712,-560.00
713,-595.56
714,-737.78
715,-808.89
716,-924.44
717,-640.00
718,-462.22
719,-257.78
720,-373.33
721,-408.89
722,-560.00
724,-693.33
726,-862.22
727,-915.56
728,-826.67
729,-515.56
730,-391.11
731,-373.33
732,-311.11
733,-533.33
734,-702.22
735,-942.22
736,-968.89
737,-746.67
739,-417.78
740,-80.00
741,-284.44
742,-364.44
743,-666.67
744,-737.78
745,-942.22
746,-1040.00
747,-800.00
748,-391.11
749,-222.22
750,-284.44
752,-497.78
753,-524.44
754,-702.22
755,-808.89
756,-1004.44
757,-817.78
758,-577.78
759,-266.67
760,-337.78
761,-364.44
762,-586.67
763,-666.67
765,-897.78
766,-1040.00
768,-880.00
769,-551.11
770,-284.44
771,-337.78
772,-222.22
773,-515.56
774,-586.67
775,-933.33
776,-906.67
778,-755.56
779,-488.89
780,-275.56
781,-355.56
782,-391.11
783,-613.33
784,-666.67
785,-924.44
786,-915.56
787,-693.33
788,-302.22
789,-195.56
790,-204.44
792,-408.89
793,-515.56
794,-782.22
795,-915.56
796,-1093.33
797,-817.78
798,-391.11
799,-151.11
800,-257.78
801,-453.33
802,-595.56
803,-746.67
805,-897.78
806,-1040.00
807,-808.89
808,-506.67
809,-275.56
811,-248.89
812,-222.22
813,-471.11
814,-666.67
815,-888.89
816,-1057.78
818,-853.33
819,-640.00
820,-257.78
821,-328.89
822,-346.67
823,-604.44
824,-702.22
825,-924.44
826,-906.67
827,-657.78
828,-293.33
829,-168.89
831,-266.67
832,-497.78
833,-631.11
834,-853.33
835,-906.67
836,-1057.78
837,-746.67
838,-391.11
839,-151.11
840,-346.67
841,-453.33
843,-640.00
844,-737.78
845,-897.78
846,-986.67
847,-817.78
848,-515.56
849,-266.67
850,-222.22
851,-248.89
852,-426.67
854,-648.89
855,-986.67
856,-1137.78
858,-942.22
859,-631.11
860,-160.00
861,-204.44
862,-186.67
863,-480.00
864,-568.89
865,-853.33
866,-853.33
867,-746.67
868,-426.67
869,-328.89
871,-373.33
872,-568.89
873,-586.67
874,-702.22
875,-737.78
876,-915.56
877,-684.44
878,-453.33
879,-320.00
880,-400.00
881,-480.00
882,-613.33
884,-666.67
885,-808.89
886,-933.33
887,-844.44
888,-577.78
889,-373.33
890,-373.33
891,-462.22
892,-462.22
893,-657.78
894,-915.56
896,-1013.33
898,-871.11
899,-515.56
900,-124.44
901,-142.22
902,-204.44
903,-453.33
904,-702.22
905,-977.78
906,-1111.11
907,-906.67
908,-542.22
910,-266.67
911,-257.78
912,-462.22
913,-533.33
914,-640.00
915,-720.00
916,-942.22
917,-728.89
918,-577.78
919,-346.67
920,-337.78
921,-444.44
922,-515.56
924,-577.78
925,-684.44
926,-906.67
927,-862.22
928,-657.78
929,-426.67
930,-302.22
931,-302.22
932,-302.22
933,-622.22
934,-835.56
935,-1013.33
937,-791.11
939,-506.67
940,-62.22
941,-248.89
942,-311.11
943,-622.22
944,-791.11
945,-1004.44
946,-1111.11
947,-844.44
948,-462.22
950,-195.56
951,-266.67
952,-328.89
953,-480.00
954,-604.44
955,-853.33
956,-995.56
957,-915.56
958,-631.11
959,-346.67
960,-266.67
961,-391.11
962,-533.33
964,-604.44
965,-817.78
966,-977.78
967,-1004.44
968,-613.33
969,-364.44
970,-213.33
971,-337.78
972,-364.44
973,-657.78
974,-826.67
975,-968.89
977,-826.67
978,-542.22
979,-248.89
980,-302.22
982,-373.33
983,-560.00
984,-755.56
985,-915.56
986,-968.89
987,-711.11
988,-391.11
989,-160.00
991,-177.78
992,-391.11
993,-506.67
994,-728.89
995,-826.67
996,-986.67
997,-888.89
998,-506.67
999,-204.44
1000,-248.89
1001,-391.11
1003,-533.33
1004,-648.89
1005,-844.44
1006,-995.56
1007,-835.56
1008,-480.00
1010,-346.67
1011,-391.11
1012,-364.44
1013,-657.78
1014,-800.00
1015,-1120.00
1017,-924.44
1018,-648.89
1019,-293.33
1020,-382.22
1021,-417.78
1022,-702.22
1025,-808.89
1026,-1102.22
1027,-951.11
1028,-702.22
1029,-346.67
1030,-373.33
1032,-453.33
1033,-622.22
1034,-746.67
1035,-888.89
1036,-1022.22
1038,-817.78
1039,-506.67
1040,-266.67
1041,-346.67
1042,-506.67
1043,-631.11
1044,-737.78
1046,-968.89
1047,-897.78
1048,-551.11
1049,-302.22
1050,-195.56
1051,-302.22
1053,-400.00
1054,-631.11
1055,-800.00
1056,-862.22
1057,-640.00
1058,-293.33
1060,-151.11
1061,-204.44
1062,-320.00
1063,-551.11
1064,-782.22
1065,-960.00
1068,-791.11
1069,-400.00
1070,-160.00
1071,-257.78
1072,-417.78
1073,-577.78
1075,-773.33
1076,-960.00
1077,-977.78
1078,-640.00
1079,-400.00
1080,-311.11
1082,-444.44
1083,-560.00
1084,-720.00
1085,-862.22
1086,-1057.78
1087,-871.11
1089,-533.33
1090,-364.44
1091,-435.56
1092,-257.78
1093,-631.11
1094,-808.89
1096,-1128.89
1097,-880.00
1098,-684.44
1099,-195.56
1100,-257.78
1101,-248.89
1103,-604.44
1104,-711.11
1105,-1013.33
1106,-942.22
1107,-675.56
1108,-284.44
1111,-213.33
1112,-320.00
1113,-506.67
1114,-648.89
1115,-826.67
1116,-915.56
1118,-720.00
1119,-293.33
1120,-88.89
1121,-248.89
1122,-497.78
1123,-560.00
1125,-711.11
1126,-933.33
1127,-897.78
1128,-640.00
1129,-408.89
1130,-328.89
1131,-444.44
1133,-480.00
1134,-711.11
1135,-915.56
1136,-1128.89
1137,-800.00
1139,-506.67
1140,-222.22
1141,-382.22
1142,-435.56
1143,-791.11
1144,-995.56
1146,-1173.33
1147,-862.22
1148,-515.56
1149,-248.89
1150,-426.67
1152,-604.44
1154,-755.56
1155,-880.00
1156,-1048.89
1157,-906.67
1158,-622.22
1159,-364.44
1161,-346.67
1162,-453.33
1163,-586.67
1164,-648.89
1165,-817.78
1166,-977.78
1168,-826.67
1169,-453.33
1170,-364.44
1171,-248.89
1172,-355.56
1173,-533.33
1175,-791.11
1176,-924.44
1177,-862.22
1178,-488.89
1179,-97.78
1180,-133.33
1181,-213.33
1183,-480.00
1184,-684.44
1185,-853.33
1186,-871.11
1187,-568.89
1188,-213.33
1190,-151.11
1191,-337.78
1192,-462.22
1193,-675.56
1195,-826.67
1196,-1013.33
1198,-764.44
1199,-453.33
1200,-275.56
1201,-426.67
1202,-471.11
1203,-648.89
1205,-693.33
1206,-933.33
1207,-897.78
1208,-764.44
1209,-328.89
1210,-355.56
1212,-284.44
1213,-453.33
1214,-586.67
1215,-924.44
1216,-942.22
1217,-835.56
1219,-444.44
1220,-106.67
1221,-160.00
1222,-257.78
1223,-586.67
1224,-826.67
1226,-951.11
1227,-808.89
1228,-426.67
1229,-124.44
1230,-168.89
1231,-408.89
1233,-497.78
1234,-711.11
1235,-817.78
1236,-924.44
1238,-640.00
1239,-355.56
1240,-231.11
1242,-480.00
1243,-542.22
1244,-657.78
1245,-800.00
1246,-1013.33
1248,-862.22
1249,-560.00
1250,-373.33
1251,-311.11
1252,-382.22
1253,-586.67
1255,-835.56
1256,-1111.11
1257,-1022.22
1258,-622.22
1259,-231.11
1260,-284.44
1262,-346.67
1263,-657.78
1264,-782.22
1265,-1066.67
1266,-933.33
1268,-613.33
1269,-311.11
1270,-311.11
1271,-426.67
1272,-542.22
1273,-720.00
1275,-888.89
1276,-1048.89
1277,-773.33
1278,-462.22
1280,-328.89
1281,-373.33
1283,-480.00
1284,-613.33
1285,-728.89
1286,-951.11
1287,-915.56
1288,-586.67
1290,-275.56
1291,-195.56
1292,-320.00
1293,-462.22
1294,-666.67
1295,-888.89
1297,-924.44
1298,-684.44
1299,-328.89
1300,-142.22
1301,-240.00
1302,-408.89
1303,-640.00
1305,-817.78
1306,-968.89
1307,-808.89
1308,-417.78
1309,-204.44
1310,-284.44
1312,-391.11
1313,-551.11
1314,-773.33
1315,-933.33
1316,-968.89
1317,-613.33
1319,-293.33
1320,-222.22
1321,-453.33
1323,-551.11
1324,-746.67
1325,-888.89
1327,-1004.44
1328,-764.44
1329,-453.33
1330,-320.00
1331,-302.22
1332,-391.11
1334,-604.44
1335,-728.89
1336,-960.00
1337,-835.56
1338,-560.00
1339,-186.67
1341,-186.67
1342,-133.33
1343,-480.00
1344,-613.33
1345,-880.00
1346,-835.56
1348,-631.11
1349,-213.33
1350,-97.78
1351,-231.11
1352,-391.11
1353,-551.11
1354,-791.11
1356,-924.44
1357,-737.78
1358,-417.78
1359,-160.00
1360,-284.44
1361,-471.11
1363,-595.56
1364,-711.11
1366,-960.00
1367,-960.00
1368,-737.78
1369,-417.78
1371,-391.11
1372,-417.78
1373,-560.00
1374,-675.56
1375,-942.22
1376,-1031.11
1378,-942.22
1379,-560.00
1380,-355.56
1381,-408.89
1382,-355.56
1383,-648.89
1385,-871.11
1386,-1111.11
1387,-942.22
1388,-604.44
1389,-346.67
1390,-293.33
1392,-480.00
1393,-657.78
1394,-808.89
1395,-942.22
1396,-977.78
1397,-622.22
1399,-346.67
1400,-213.33
1401,-382.22
1402,-524.44
1403,-648.89
1404,-666.67
1406,-897.78
1408,-808.89
1409,-497.78
1410,-284.44
1411,-311.11
1412,-391.11
1414,-497.78
1415,-666.67
1416,-968.89
1417,-924.44
1418,-737.78
1419,-337.78
1421,-257.78
1422,-231.11
1423,-497.78
1424,-675.56
1425,-986.67
1426,-1057.78
1428,-720.00
1429,-293.33
1430,-195.56
1431,-346.67
1432,-488.89
1433,-702.22
1435,-897.78
1436,-1057.78
1437,-862.22
1438,-462.22
1439,-320.00
1440,-417.78
1442,-560.00
1443,-604.44
1444,-764.44
1445,-995.56
1446,-977.78
1447,-764.44
1449,-408.89
1451,-337.78
1452,-337.78
1453,-453.33
1454,-648.89
1455,-862.22
1457,-968.89
1458,-800.00
1459,-400.00
1460,-115.56
1461,-204.44
1462,-222.22
1464,-604.44
1465,-782.22
1466,-888.89
1467,-773.33
1468,-471.11
1469,-88.89
1470,-151.11
1472,-355.56
1473,-435.56
1474,-631.11
1475,-808.89
1476,-933.33
1477,-613.33
1479,-355.56
1480,-186.67
1481,-435.56
1482,-480.00
1483,-631.11
1484,-693.33
1486,-1022.22
1487,-853.33
1488,-542.22
1489,-320.00
1490,-364.44
1491,-391.11
1494,-524.44
1495,-800.00
1496,-1013.33
1497,-977.78
1498,-711.11
1499,-355.56
1501,-240.00
1502,-302.22
1503,-533.33
1504,-737.78
1505,-995.56
1506,-1057.78
1508,-728.89
1509,-382.22
1510,-266.67
1511,-408.89
1512,-560.00
1514,-728.89
1515,-853.33
1516,-1048.89
1517,-826.67
1518,-480.00
1519,-293.33
1521,-355.56
1522,-471.11
1523,-595.56
1524,-684.44
1525,-924.44
1526,-888.89
1528,-755.56
1529,-311.11
1530,-320.00
1531,-320.00
1532,-568.89
1533,-595.56
1536,-871.11
1537,-968.89
1538,-835.56
1539,-497.78
1540,-275.56
1541,-355.56
1542,-337.78
1544,-702.22
1545,-826.67
1546,-1031.11
1547,-897.78
1548,-568.89
1550,-204.44
1551,-284.44
1552,-408.89
1553,-595.56
1554,-755.56
1555,-960.00
1557,-995.56
1558,-702.22
1559,-346.67
1560,-275.56
1561,-471.11
1562,-560.00
1564,-684.44
1565,-782.22
1566,-1013.33
1567,-791.11
1568,-560.00
1569,-355.56
1571,-320.00
1572,-364.44
1573,-577.78
1574,-773.33
1575,-924.44
1576,-924.44
1579,-657.78
1580,-231.11
1581,-195.56
1582,-133.33
1583,-435.56
1584,-613.33
1585,-853.33
1587,-844.44
1588,-666.67
1589,-275.56
1590,-124.44
1591,-284.44
1592,-462.22
1594,-568.89
1595,-737.78
1596,-933.33
1597,-808.89
1598,-488.89
1599,-248.89
1601,-248.89
1602,-462.22
1603,-506.67
1604,-702.22
1605,-888.89
1606,-951.11
1608,-711.11
1609,-311.11
1610,-293.33
1611,-355.56
1612,-453.33
1613,-666.67
1615,-888.89
1616,-1013.33
1617,-853.33
1618,-533.33
1619,-240.00
1620,-346.67
1623,-355.56
1624,-657.78
1625,-808.89
1626,-986.67
1627,-862.22
1628,-542.22
1630,-275.56
1631,-257.78
1632,-408.89
1633,-542.22
1634,-720.00
1635,-862.22
1637,-986.67
1638,-631.11
1639,-364.44
1640,-168.89
1641,-400.00
1642,-497.78
1644,-693.33
1645,-648.89
1646,-968.89
1647,-791.11
1648,-577.78
1649,-177.78
1650,-320.00
1652,-426.67
1653,-622.22
1654,-675.56
1655,-986.67
1656,-1022.22
1658,-737.78
1659,-391.11
1660,-346.67
1661,-391.11
1662,-542.22
1664,-711.11
1666,-986.67
1667,-1075.56
1668,-782.22
1669,-364.44
1670,-204.44
1671,-346.67
1673,-462.22
1674,-684.44
1675,-897.78
1676,-1031.11
1677,-826.67
1678,-462.22
1680,-275.56
1681,-284.44
1682,-506.67
1683,-577.78
1684,-800.00
1685,-960.00
1687,-986.67
1688,-640.00
1689,-382.22
1690,-311.11
1691,-355.56
1692,-506.67
1694,-640.00
1695,-826.67
1696,-906.67
1697,-791.11
1698,-444.44
1699,-248.89
1701,-302.22
1702,-186.67
1703,-595.56
1704,-693.33
1705,-933.33
1707,-808.89
1709,-560.00
1710,-133.33
1711,-106.67
1712,-284.44
1713,-480.00
1714,-613.33
1715,-862.22
1717,-968.89
1718,-711.11
1719,-337.78
1720,-222.22
1721,-373.33
1722,-524.44
1724,-666.67
1725,-746.67
1726,-1004.44
1727,-835.56
1728,-551.11
1730,-240.00
1731,-400.00
1732,-391.11
1733,-622.22
1734,-702.22
1735,-1022.22
1737,-906.67
1738,-684.44
1739,-328.89
1740,-311.11
1741,-222.22
1742,-515.56
1744,-666.67
1745,-986.67
1746,-977.78
1747,-737.78
1748,-346.67
1750,-204.44
1752,-311.11
1753,-444.44
1754,-657.78
1755,-791.11
1756,-933.33
1757,-808.89
1758,-515.56
1760,-266.67
1761,-275.56
1762,-453.33
1763,-533.33
1764,-684.44
1765,-835.56
1767,-897.78
1768,-702.22
1769,-382.22
1770,-311.11
1771,-400.00
1772,-488.89
1774,-622.22
1775,-791.11
1776,-1013.33
1777,-915.56
1778,-577.78
1780,-275.56
1781,-400.00
1782,-373.33
1783,-728.89
1784,-853.33
1785,-1120.00
1787,-942.22
1788,-577.78
1789,-222.22
1790,-293.33
1792,-435.56
1793,-622.22
1795,-755.56
1796,-977.78
1797,-1004.44
1798,-666.67
1799,-346.67
1800,-328.89
1802,-453.33
1803,-542.22
1804,-702.22
1805,-782.22
1806,-1013.33
1807,-826.67
1809,-480.00
1810,-248.89
1811,-284.44
1812,-408.89
1813,-568.89
1814,-782.22
1816,-888.89
1817,-817.78
1818,-515.56
1819,-257.78
1820,-186.67
1821,-204.44
1823,-480.00
1824,-622.22
1825,-835.56
1826,-853.33
1827,-675.56
1828,-257.78
1830,-97.78
1831,-240.00
1832,-355.56
1833,-604.44
1835,-737.78
1836,-951.11
1837,-817.78
1839,-551.11
1840,-266.67
1841,-284.44
1842,-488.89
1843,-577.78
1844,-782.22
1846,-960.00
1847,-1048.89
1848,-782.22
1849,-373.33
1850,-311.11
1851,-426.67
1853,-542.22
1854,-648.89
1855,-888.89
1856,-1040.00
1857,-897.78
1859,-480.00
1860,-240.00
1861,-364.44
1862,-284.44
1863,-657.78
1864,-791.11
1866,-1031.11
1867,-835.56
1868,-595.56
1869,-231.11
1870,-320.00
1871,-391.11
1873,-542.22
1874,-693.33
1875,-888.89
1876,-897.78
1878,-613.33
1879,-355.56
1881,-195.56
1882,-355.56
1883,-462.22
1884,-595.56
1885,-702.22
1886,-915.56
1888,-737.78
1889,-506.67
1890,-248.89
1891,-311.11
1892,-400.00
1893,-622.22
1894,-657.78
1896,-942.22
1897,-942.22
1898,-808.89
1899,-453.33
1900,-328.89
1901,-382.22
1903,-488.89
1904,-711.11
1905,-1040.00
1906,-1093.33
1907,-800.00
1909,-391.11
1910,-231.11
1911,-328.89
1912,-542.22
1913,-657.78
1914,-897.78
1916,-1057.78
1917,-844.44
1918,-480.00
1920,-373.33
1921,-328.89
1922,-497.78
1924,-613.33
1925,-862.22
1926,-1022.22
1927,-1013.33
1928,-657.78
1930,-302.22
1931,-275.56
1932,-462.22
1933,-533.33
1934,-702.22
1935,-951.11
1937,-986.67
1938,-720.00
1939,-391.11
1940,-186.67
1941,-284.44
1942,-284.44
1944,-595.56
1945,-782.22
1946,-1004.44
1947,-800.00
1948,-426.67
1949,-142.22
1951,-240.00
1952,-311.11
1953,-595.56
1954,-720.00
1955,-897.78
1956,-817.78
1958,-524.44
1959,-213.33
1960,-142.22
1961,-400.00
1963,-480.00
1964,-666.67
1966,-728.89
1967,-942.22
1968,-711.11
1969,-444.44
1970,-257.78
1971,-364.44
1973,-444.44
1974,-604.44
1975,-720.00
1976,-1013.33
1977,-968.89
1978,-702.22
1980,-391.11
1981,-337.78
1982,-346.67
1983,-595.56
1984,-755.56
1985,-1111.11
1987,-1066.67
1988,-684.44
1989,-302.22
1990,-248.89
1991,-364.44
1993,-586.67
1994,-728.89
1995,-968.89
1996,-1057.78
1997,-755.56
1998,-364.44
2000,-275.56
2001,-408.89
2002,-497.78
2003,-711.11
2004,-800.00
2006,-1066.67
2008,-853.33
2009,-551.11
2010,-257.78
2011,-311.11
2012,-391.11
2013,-533.33
2015,-666.67
2016,-897.78
2017,-897.78
2018,-631.11
2019,-320.00
2020,-177.78
2022,-311.11
2023,-293.33
2024,-631.11
2025,-808.89
2026,-933.33
2027,-684.44
2029,-400.00
2030,-80.00
2031,-275.56
2032,-355.56
2033,-648.89
2034,-702.22
2035,-897.78
2037,-880.00
2038,-631.11
2039,-320.00
2040,-337.78
2041,-462.22
2042,-542.22
2044,-711.11
2045,-880.00
2046,-1031.11
2048,-844.44
2049,-426.67
2050,-266.67
2052,-364.44
2053,-497.78
2054,-631.11
2055,-791.11
2056,-1022.22
2058,-960.00
2059,-551.11
2060,-328.89
2061,-284.44
2062,-266.67
2063,-515.56
2064,-737.78
2066,-1004.44
2067,-942.22
2068,-613.33
2069,-231.11
2070,-151.11
2072,-293.33
2073,-488.89
2074,-613.33
2075,-977.78
2076,-924.44
2077,-666.67
2079,-311.11
2080,-257.78
2081,-275.56
2082,-462.22
2083,-560.00
2084,-711.11
2085,-897.78
2087,-808.89
2088,-577.78
2089,-275.56
2091,-248.89
2092,-391.11
2093,-488.89
2095,-684.44
2096,-880.00
2097,-995.56
2098,-782.22
2099,-551.11
2100,-222.22
2102,-382.22
2103,-462.22
2104,-782.22
2105,-986.67
2106,-1208.89
2107,-933.33
2109,-497.78
2110,-231.11
2111,-391.11
2112,-453.33
2113,-746.67
2114,-817.78
2116,-1066.67
2117,-951.11
2118,-595.56
2119,-337.78
2120,-355.56
2122,-533.33
2123,-586.67
2124,-773.33
2125,-924.44
2126,-1093.33
2127,-782.22
2129,-391.11
2130,-320.00
2131,-364.44
2132,-480.00
2134,-657.78
2135,-826.67
2137,-995.56
2138,-844.44
2139,-435.56
2140,-106.67
2141,-257.78
2142,-195.56
2144,-640.00
2145,-711.11
2146,-977.78
2147,-755.56
2148,-533.33
2149,-115.56
2150,-151.11
2152,-240.00
2153,-435.56
2154,-577.78
2155,-800.00
2156,-853.33
2157,-666.67
2159,-337.78
2160,-213.33
2161,-275.56
2162,-400.00
2163,-568.89
2164,-746.67
2166,-951.11
2167,-924.44
2168,-595.56
2169,-266.67
2170,-222.22
2171,-400.00
2173,-506.67
2174,-737.78
2176,-897.78
2177,-1031.11
2178,-720.00
2179,-417.78
2181,-177.78
2182,-408.89
2183,-364.44
2184,-737.78
2185,-862.22
2186,-1093.33
2188,-817.78
2189,-533.33
2190,-204.44
2191,-364.44
2192,-373.33
2193,-666.67
2195,-720.00
2196,-1048.89
2197,-897.78
2198,-595.56
2199,-248.89
2201,-302.22
2202,-426.67
2203,-533.33
2204,-720.00
2205,-888.89
2206,-968.89
2208,-702.22
2209,-417.78
2210,-275.56
2211,-373.33
2212,-586.67
2213,-604.44
2215,-817.78
2216,-942.22
2217,-897.78
2219,-577.78
2220,-408.89
2221,-346.67
2222,-364.44
2224,-604.44
2225,-728.89
2226,-995.56
2227,-1031.11
2228,-764.44
2230,-311.11
2231,-266.67
2232,-346.67
2233,-488.89
2234,-657.78
2235,-924.44
2237,-1031.11
2238,-764.44
2239,-364.44
2240,-248.89
2241,-355.56
2242,-480.00
2244,-675.56
2245,-826.67
2246,-1057.78
2247,-897.78
2248,-515.56
2249,-231.11
2251,-328.89
2252,-408.89
2253,-551.11
2254,-702.22
2255,-871.11
2256,-906.67
2258,-657.78
2259,-346.67
2260,-231.11
2262,-266.67
2263,-320.00
2264,-640.00
2266,-862.22
2267,-1022.22
2268,-693.33
2269,-328.89
2270,-53.33
2271,-248.89
2273,-337.78
2274,-648.89
2275,-800.00
2276,-986.67
2277,-755.56
2278,-471.11
2280,-186.67
2281,-186.67
2282,-462.22
2283,-515.56
2284,-746.67
2285,-871.11
2286,-1004.44
2288,-666.67
2289,-444.44
2290,-266.67
2291,-444.44
2292,-506.67
2294,-613.33
2295,-782.22
2296,-960.00
2297,-933.33
2298,-604.44
2299,-284.44
2301,-284.44
2302,-231.11
2304,-595.56
2305,-728.89
2306,-1111.11
2307,-968.89
2309,-702.22
2310,-195.56
2311,-186.67
2312,-302.22
2313,-595.56
2314,-702.22
2316,-951.11
2317,-1004.44
2318,-702.22
2319,-266.67
2320,-266.67
2321,-382.22
2323,-542.22
2324,-648.89
2325,-782.22
2326,-942.22
2327,-791.11
2328,-471.11
2330,-266.67
2331,-302.22
2332,-400.00
2333,-551.11
2334,-666.67
2335,-933.33
2337,-986.67
2338,-728.89
2339,-462.22
2340,-275.56
2341,-391.11
2342,-417.78
2344,-764.44
2345,-977.78
2347,-1120.00
2348,-808.89
2349,-488.89
2350,-222.22
2352,-408.89
2353,-462.22
2354,-720.00
2355,-826.67
2356,-1048.89
2357,-800.00
2359,-613.33
2360,-284.44
2361,-382.22
2362,-480.00
2363,-604.44
2364,-720.00
2366,-942.22
2367,-986.67
2368,-791.11
2369,-355.56
2370,-302.22
2371,-346.67
2373,-480.00
2374,-515.56
2375,-791.11
2376,-897.78
2377,-862.22
2378,-391.11
2380,-284.44
2381,-195.56
2382,-284.44
2383,-515.56
2384,-755.56
2385,-897.78
2387,-862.22
2388,-515.56
2390,-195.56
2391,-151.11
2392,-257.78
2393,-426.67
2394,-631.11
2396,-817.78
2397,-880.00
2398,-595.56
2399,-355.56
2400,-168.89
2401,-364.44
2403,-400.00
2404,-631.11
2405,-720.00
2406,-1004.44
2407,-826.67
2409,-631.11
2410,-302.22
2411,-400.00
2412,-426.67
2413,-631.11
2414,-728.89
2415,-1004.44
2417,-995.56
2418,-791.11
2419,-400.00
2420,-275.56
2421,-293.33
2423,-488.89
2424,-728.89
2425,-1022.22
2426,-1093.33
2427,-844.44
2429,-408.89
2430,-293.33
2432,-346.67
2433,-586.67
2434,-746.67
2435,-951.11
2436,-1084.44
2438,-960.00
2439,-497.78
2440,-355.56
2441,-355.56
2442,-542.22
2444,-604.44
2445,-826.67
2446,-968.89
2447,-1031.11
2448,-666.67
2449,-275.56
2451,-240.00
2452,-337.78
2453,-515.56
2454,-711.11
2455,-871.11
2456,-968.89
2458,-791.11
2459,-408.89
2460,-213.33
2461,-364.44
2462,-266.67
2463,-631.11
2465,-755.56
2466,-960.00
2467,-773.33
2468,-524.44
2469,-151.11
2470,-240.00
2472,-284.44
2473,-577.78
2475,-640.00
2476,-906.67
2477,-906.67
2478,-648.89
2479,-302.22
2481,-275.56
2482,-382.22
2483,-471.11
2484,-728.89
2485,-835.56
2486,-1022.22
2488,-791.11
2489,-506.67
2490,-240.00
2491,-346.67
2492,-462.22
2494,-560.00
2495,-711.11
2496,-942.22
2497,-888.89
2498,-666.67
2499,-302.22
2500,-231.11
2502,-266.67
2503,-453.33
2504,-631.11
2505,-880.00
2506,-915.56
2507,-728.89
2509,-293.33
2510,-115.56
2511,-266.67
2512,-364.44
2513,-542.22
2514,-728.89
2516,-871.11
2518,-728.89
2519,-391.11
2520,-213.33
2521,-195.56
2522,-462.22
2524,-488.89
2525,-693.33
2526,-826.67
2527,-942.22
2528,-684.44
2529,-417.78
2531,-257.78
2532,-426.67
2533,-577.78
2534,-640.00
2535,-782.22
2536,-1040.00
2538,-897.78
2539,-533.33
2540,-355.56
2541,-355.56
2542,-391.11
2543,-648.89
2545,-826.67
2546,-1066.67
2547,-1004.44
2548,-675.56
2549,-311.11
2551,-328.89
2552,-426.67
2553,-595.56
2554,-808.89
2555,-977.78
2556,-995.56
2558,-666.67
2560,-391.11
2561,-204.44
2562,-417.78
2563,-462.22
2564,-746.67
2565,-808.89
2567,-1075.56
2568,-791.11
2569,-471.11
2570,-177.78
2571,-337.78
2573,-382.22
2574,-586.67
2575,-702.22
2576,-951.11
2577,-835.56
2578,-613.33
2580,-302.22
2581,-257.78
2582,-222.22
2583,-453.33
2584,-577.78
2585,-924.44
2586,-924.44
2588,-728.89
2589,-275.56
2590,-133.33
2591,-213.33
2592,-408.89
2593,-693.33
2595,-924.44
2596,-1031.11
2597,-800.00
2598,-337.78
2599,-240.00
2601,-302.22
2603,-568.89
2604,-604.44
2605,-791.11
2606,-933.33
2607,-968.89
2609,-684.44
2610,-426.67
2611,-355.56
2612,-462.22
2613,-586.67
2614,-657.78
2615,-888.89
2617,-1057.78
2618,-853.33
2619,-506.67
2620,-275.56
2621,-346.67
2623,-257.78
2624,-666.67
2625,-871.11
2626,-1093.33
2627,-871.11
2628,-560.00
2630,-106.67
2631,-231.11
2632,-311.11
2633,-657.78
2634,-675.56
2635,-933.33
2637,-844.44
2638,-551.11
2639,-195.56
2640,-186.67
2641,-382.22
2642,-408.89
2644,-622.22
2646,-684.44
2647,-924.44
2648,-631.11
2649,-382.22
2650,-195.56
2651,-346.67
2653,-408.89
2654,-577.78
2655,-684.44
2656,-968.89
2657,-924.44
2658,-693.33
2660,-435.56
2661,-346.67
2662,-355.56
2663,-560.00
2664,-782.22
2665,-1084.44
2667,-1048.89
2668,-817.78
2669,-355.56
2670,-293.33
2671,-417.78
2673,-622.22
2674,-764.44
2675,-977.78
2676,-1084.44
2677,-853.33
2678,-471.11
2680,-391.11
2681,-408.89
2682,-604.44
2683,-693.33
2684,-826.67
2685,-1013.33
2688,-1004.44
2689,-640.00
2690,-328.89
2691,-364.44
2692,-391.11
2694,-586.67
2695,-693.33
2696,-933.33
2697,-977.78
2698,-773.33
2699,-391.11
2701,-177.78
2702,-284.44
2703,-275.56
2704,-666.67
2705,-826.67
2706,-933.33
2708,-782.22
2709,-435.56
2710,-53.33
2711,-213.33
2712,-266.67
2713,-551.11
2714,-648.89
2716,-844.44
2717,-817.78
2718,-560.00
2719,-213.33
2720,-231.11
2721,-373.33
2723,-471.11
2724,-666.67
2725,-853.33
2726,-1022.22
2727,-728.89
2728,-453.33
2731,-284.44
2732,-373.33
2733,-488.89
2734,-666.67
2735,-826.67
2736,-1031.11
2738,-942.22
2739,-631.11
2740,-337.78
2741,-355.56
2742,-328.89
2743,-640.00
2745,-737.78
2746,-1155.56
2747,-977.78
2748,-800.00
2749,-302.22
2751,-293.33
2752,-302.22
2753,-568.89
2754,-693.33
2755,-1004.44
2756,-1040.00
2758,-791.11
2759,-355.56
2760,-320.00
2761,-391.11
2762,-568.89
2763,-711.11
2765,-880.00
2766,-1022.22
2767,-871.11
2768,-488.89
2769,-213.33
2771,-284.44
2772,-444.44
2774,-586.67
2775,-666.67
2776,-888.89
2777,-871.11
2779,-648.89
2780,-355.56
2781,-195.56
2782,-257.78
2783,-346.67
2784,-622.22
2785,-862.22
2787,-968.89
2788,-782.22
2789,-373.33
2790,-88.89
2791,-320.00
2792,-373.33
2794,-720.00
2795,-835.56
2796,-1048.89
2797,-835.56
2798,-533.33
2799,-293.33
2801,-293.33
2802,-515.56
2803,-551.11
2804,-808.89
2805,-933.33
2806,-1031.11
2808,-711.11
2809,-444.44
2810,-284.44
2811,-417.78
2812,-568.89
2813,-675.56
2816,-826.67
2817,-1031.11
2818,-906.67
2819,-542.22
2820,-302.22
2822,-373.33
2823,-257.78
2824,-613.33
2825,-737.78
2826,-1093.33
2827,-897.78
2829,-657.78
2830,-177.78
2831,-186.67
2832,-222.22
2833,-533.33
2834,-631.11
2836,-924.44
2837,-880.00
2838,-622.22
2839,-222.22
2840,-151.11
2841,-328.89
2843,-435.56
2844,-622.22
2845,-684.44
2846,-897.78
2847,-720.00
2848,-462.22
2849,-257.78
2851,-346.67
2852,-408.89
2853,-533.33
2854,-631.11
2855,-915.56
2856,-951.11
2859,-800.00
2860,-426.67
2861,-311.11
2862,-435.56
2863,-444.44
2864,-728.89
2866,-951.11
2867,-1191.11
2868,-880.00
2869,-577.78
2870,-346.67
2871,-426.67
2873,-488.89
2874,-791.11
2875,-924.44
2876,-1102.22
2877,-933.33
2879,-640.00
2880,-355.56
2881,-364.44
2882,-515.56
2883,-675.56
2884,-853.33
2886,-1022.22
2887,-1040.00
2888,-702.22
2889,-382.22
2890,-311.11
2891,-391.11
2893,-560.00
2894,-648.89
2895,-826.67
2896,-968.89
2897,-844.44
2898,-453.33
2900,-328.89
2902,-302.22
2903,-186.67
2904,-542.22
2905,-693.33
2906,-951.11
2908,-773.33
2909,-533.33
2910,8.89
2911,-195.56
2912,-266.67
2913,-533.33
2914,-693.33
2915,-951.11
2917,-968.89
2918,-755.56
2919,-328.89
2920,-275.56
2921,-417.78
2922,-551.11
2924,-728.89
2925,-880.00
2926,-1066.67
2927,-888.89
2928,-586.67
2930,-364.44
2931,-400.00
2932,-435.56
2933,-640.00
2934,-728.89
2935,-933.33
2936,-968.89
2938,-826.67
2939,-408.89
2940,-284.44
2941,-320.00
2942,-302.22
2944,-640.00
2946,-862.22
2947,-1013.33
2948,-773.33
2949,-471.11
2950,-53.33
2951,-124.44
2953,-222.22
2954,-595.56
2955,-675.56
2956,-880.00
2957,-782.22
2958,-435.56
2960,-151.11
2961,-151.11
2962,-364.44
2963,-426.67
2964,-684.44
2965,-782.22
2967,-960.00
2968,-693.33
2969,-417.78
2970,-266.67
2971,-426.67
2972,-391.11
2974,-586.67
2975,-737.78
2976,-995.56
2977,-871.11
2978,-657.78
2979,-328.89
2980,-275.56
2982,-284.44
2983,-568.89
2984,-711.11
2985,-1093.33
2987,-1013.33
2989,-755.56
2990,-275.56
2991,-311.11
2992,-311.11
2993,-613.33
2994,-720.00
2996,-1004.44
2997,-960.00
2998,-817.78
2999,-408.89
3000,-355.56
3001,-417.78
3003,-631.11
3004,-684.44
3005,-817.78
3006,-968.89
3007,-897.78
3008,-560.00
3010,-311.11
3011,-275.56
3012,-408.89
3013,-533.33
3014,-648.89
3015,-844.44
3017,-960.00
3018,-755.56
3019,-435.56
3020,-257.78
3021,-328.89
3022,-328.89
3024,-648.89
3025,-880.00
3026,-1048.89
3027,-835.56
3028,-444.44
3030,-106.67
3032,-302.22
3033,-408.89
3034,-693.33
3035,-782.22
3036,-942.22
3037,-871.11
3039,-560.00
3040,-355.56
3041,-337.78
3042,-488.89
3043,-506.67
3044,-773.33
3046,-862.22
3047,-1057.78
3048,-711.11
3049,-471.11
3050,-293.33
3051,-391.11
3053,-453.33
3054,-648.89
3055,-773.33
3056,-995.56
3057,-871.11
3058,-586.67
3060,-275.56
3061,-266.67
3062,-311.11
3063,-533.33
3064,-675.56
3065,-942.22
3067,-826.67
3068,-640.00
3069,-240.00
3070,-133.33
3072,-133.33
3073,-355.56
3075,-560.00
3076,-755.56
3077,-906.67
3078,-711.11
3079,-311.11
3080,-124.44
3082,-248.89
3083,-391.11
3084,-568.89
3085,-800.00
3086,-933.33
3087,-888.89
3088,-533.33
3090,-231.11
3091,-284.44
3092,-515.56
3093,-613.33
3094,-711.11
3095,-906.67
3097,-933.33
3098,-791.11
3099,-488.89
3100,-364.44
3101,-355.56
3102,-391.11
3104,-604.44
3105,-826.67
3106,-1022.22
3107,-915.56
3108,-542.22
3109,-240.00
3111,-248.89
3112,-275.56
3113,-586.67
3115,-746.67
3116,-951.11
3117,-853.33
3119,-577.78
3120,-240.00
3121,-142.22
3122,-373.33
3123,-524.44
3124,-675.56
3126,-835.56
3127,-995.56
3128,-675.56
3129,-382.22
3130,-151.11
3131,-346.67
3133,-471.11
3134,-568.89
3135,-577.78
3136,-897.78
3137,-844.44
3138,-613.33
3140,-346.67
3141,-355.56
3142,-408.89
3143,-497.78
3144,-720.00
3145,-1057.78
3147,-1031.11
3148,-800.00
3149,-328.89
3150,-248.89
3151,-284.44
3152,-560.00
3154,-720.00
3155,-968.89
3156,-1040.00
3158,-746.67
3159,-275.56
3161,-222.22
3162,-346.67
3163,-497.78
3164,-666.67
3165,-844.44
3166,-1022.22
3168,-888.89
3169,-560.00
3170,-328.89
3171,-400.00
3172,-471.11
3173,-622.22
3175,-702.22
3176,-942.22
3177,-924.44
3178,-817.78
3179,-444.44
3180,-346.67
3182,-284.44
3183,-346.67
3184,-595.56
3185,-764.44
3186,-960.00
3187,-817.78
3189,-488.89
3190,-106.67
3191,-142.22
3192,-177.78
3193,-568.89
3194,-657.78
3195,-817.78
3197,-808.89
3198,-506.67
3200,-106.67
3201,-106.67
3202,-355.56
3203,-462.22
3205,-613.33
3206,-782.22
3207,-951.11
3208,-720.00
3209,-435.56
3210,-266.67
3212,-462.22
3213,-497.78
3214,-577.78
3215,-675.56
3216,-1031.11
3217,-880.00
3219,-631.11
3220,-364.44
3221,-302.22
3222,-355.56
3223,-506.67
3224,-791.11
3226,-1040.00
3227,-1004.44
3228,-728.89
3229,-355.56
3230,-248.89
3232,-355.56
3233,-577.78
3234,-764.44
3235,-1004.44
3236,-1022.22
3238,-657.78
3239,-346.67
3240,-293.33
3241,-391.11
3243,-542.22
3244,-711.11
3246,-844.44
3247,-995.56
3248,-853.33
3249,-524.44
3250,-328.89
3251,-417.78
3253,-462.22
3254,-595.56
3255,-684.44
3256,-924.44
3257,-906.67
3258,-764.44
3260,-337.78
3261,-266.67
3262,-266.67
3263,-471.11
3264,-631.11
3265,-817.78
3266,-968.89
3268,-817.78
3269,-426.67
3270,-195.56
3271,-248.89
3272,-400.00
3273,-675.56
3275,-817.78
3276,-951.11
3277,-871.11
3278,-488.89
3279,-195.56
3280,-275.56
3282,-462.22
3283,-542.22
3284,-746.67
3286,-871.11
3287,-1040.00
3288,-711.11
3290,-382.22
3291,-275.56
3292,-462.22
3293,-551.11
3294,-666.67
3295,-800.00
3297,-1048.89
3298,-853.33
3299,-497.78
3300,-311.11
3301,-266.67
3303,-320.00
3304,-604.44
3305,-791.11
3306,-1057.78
3307,-924.44
3308,-657.78
3310,-186.67
3311,-231.11
3312,-240.00
3313,-542.22
3314,-675.56
3315,-906.67
3317,-871.11
3318,-622.22
3319,-293.33
3320,-142.22
3321,-302.22
3322,-435.56
3324,-631.11
3325,-702.22
3326,-951.11
3328,-764.44
3329,-444.44
3330,-160.00
3331,-311.11
3333,-400.00
3334,-568.89
3335,-648.89
3336,-897.78
3337,-871.11
3338,-782.22
3340,-328.89
3341,-346.67
3342,-382.22
3343,-506.67
3344,-631.11
3345,-977.78
3347,-1040.00
3348,-968.89
3349,-595.56
3350,-355.56
3351,-382.22
3352,-506.67
3354,-684.44
3355,-933.33
3356,-1066.67
3357,-1022.22
3358,-524.44
3360,-364.44
3361,-311.11
3362,-568.89
3363,-613.33
3364,-862.22
3365,-915.56
3367,-1031.11
3368,-666.67
3369,-426.67
3371,-275.56
3372,-471.11
3373,-524.44
3375,-666.67
3376,-844.44
3377,-1004.44
3378,-800.00
3379,-497.78
3381,-311.11
3382,-266.67
3383,-337.78
3384,-586.67
3385,-711.11
3386,-915.56
3388,-800.00
3389,-524.44
3390,-186.67
3391,-195.56
3392,-168.89
3393,-453.33
3394,-586.67
3396,-791.11
3397,-808.89
3398,-560.00
3399,-204.44
3400,-88.89
3401,-266.67
3403,-373.33
3404,-586.67
3405,-791.11
3406,-1031.11
3407,-773.33
3408,-408.89
3410,-195.56
3411,-346.67
3412,-577.78
3414,-613.33
3415,-755.56
3416,-968.89
3418,-951.11
3419,-711.11
3420,-337.78
3421,-417.78
3422,-382.22
3423,-551.11
3425,-631.11
3426,-986.67
3427,-1022.22
3428,-915.56
3429,-462.22
3430,-302.22
3432,-293.33
3433,-382.22
3434,-675.56
3435,-1004.44
3436,-1075.56
3438,-924.44
3439,-453.33
3440,-240.00
3441,-275.56
3442,-488.89
3443,-666.67
3445,-880.00
3446,-960.00
3447,-942.22
3448,-542.22
3449,-293.33
3450,-195.56
3452,-453.33
3453,-515.56
3454,-711.11
3456,-746.67
3457,-915.56
3458,-755.56
3459,-506.67
3461,-266.67
3462,-275.56
3463,-364.44
3464,-515.56
3465,-684.44
3466,-951.11
3468,-942.22
3469,-604.44
3470,-248.89
3471,-231.11
3472,-222.22
3473,-577.78
3475,-737.78
3476,-1004.44
3477,-897.78
3478,-613.33
3479,-177.78
3480,-177.78
3482,-373.33
3483,-568.89
3484,-684.44
3485,-906.67
3486,-995.56
3487,-773.33
3489,-444.44
3490,-328.89
3491,-435.56
3492,-533.33
3493,-640.00
3494,-711.11
3496,-995.56
3497,-968.89
3499,-720.00
3500,-364.44
3501,-373.33
3502,-328.89
3504,-560.00
3505,-640.00
3506,-924.44
3507,-915.56
3508,-791.11
3509,-400.00
3511,-275.56
3512,-231.11
3513,-320.00
3514,-586.67
3515,-800.00
3516,-897.78
3518,-826.67
3519,-444.44
3520,-142.22
3521,-133.33
3522,-373.33
3523,-533.33
3524,-684.44
3526,-844.44
3527,-951.11
3528,-613.33
3529,-337.78
3530,-284.44
3531,-444.44
3533,-506.67
3534,-640.00
3535,-728.89
3536,-977.78
3537,-835.56
3538,-524.44
3540,-311.11
3542,-284.44
3543,-311.11
3544,-533.33
3545,-773.33
3546,-1022.22
3548,-942.22
3549,-622.22
3550,-204.44
3551,-204.44
3552,-222.22
3553,-551.11
3555,-657.78
3556,-951.11
3557,-906.67
3558,-666.67
3559,-266.67
3560,-231.11
3562,-293.33
3563,-444.44
3564,-613.33
3565,-817.78
3566,-960.00
3567,-826.67
3569,-480.00
3570,-248.89
3571,-240.00
3572,-488.89
3573,-542.22
3574,-755.56
3576,-915.56
3577,-968.89
3578,-657.78
3579,-337.78
3580,-231.11
3581,-391.11
3584,-560.00
3585,-657.78
3586,-880.00
3587,-1022.22
3588,-871.11
3589,-533.33
3591,-266.67
3592,-373.33
3593,-346.67
3594,-684.44
3595,-880.00
3596,-1093.33
3598,-906.67
3599,-568.89
3600,-222.22
3601,-284.44
3602,-426.67
3603,-657.78
3605,-737.78
3606,-995.56
3607,-986.67
3608,-648.89
3609,-284.44
3610,-284.44
3612,-444.44
3613,-542.22
3614,-693.33
3615,-808.89
3616,-995.56
3617,-782.22
3619,-453.33
3620,-293.33
3621,-320.00
3622,-400.00
3623,-577.78
3624,-693.33
3627,-897.78
3628,-888.89
3629,-693.33
3630,-364.44
3631,-284.44
3632,-302.22
3633,-471.11
3635,-711.11
3636,-924.44
3637,-1004.44
3638,-693.33
3639,-302.22
3641,-115.56
3642,-257.78
3643,-480.00
3644,-604.44
3645,-800.00
3646,-968.89
3648,-835.56
3649,-435.56
3650,-231.11
3651,-373.33
3652,-515.56
3653,-595.56
3654,-737.78
3656,-968.89
3657,-968.89
3658,-764.44
3659,-382.22
3660,-328.89
3661,-337.78
3663,-480.00
3664,-613.33
3665,-844.44
3666,-906.67
3667,-782.22
3668,-435.56
3671,-177.78
3672,-222.22
3673,-168.89
3674,-542.22
3675,-666.67
3676,-906.67
3678,-782.22
3679,-551.11
3680,-106.67
3681,-177.78
3682,-257.78
3683,-533.33
3685,-622.22
3686,-826.67
3687,-888.89
3688,-728.89
3689,-364.44
3690,-240.00
3692,-346.67
3693,-497.78
3694,-604.44
3695,-755.56
3696,-1013.33
3697,-915.56
3699,-640.00
3700,-320.00
3701,-346.67
3702,-444.44
3703,-586.67
3704,-711.11
3706,-1048.89
3707,-1022.22
3708,-773.33
3709,-453.33
3710,-311.11
3713,-355.56
3714,-506.67
3715,-737.78
3716,-1040.00
3717,-1137.78
3718,-711.11
3720,-382.22
3721,-222.22
3722,-382.22
3723,-515.56
3724,-746.67
3725,-924.44
3727,-1057.78
3728,-791.11
3729,-426.67
3730,-302.22
3731,-391.11
3733,-488.89
3734,-631.11
3735,-773.33
3736,-986.67
3737,-888.89
3738,-613.33
3739,-293.33
3741,-311.11
3742,-346.67
3743,-506.67
3744,-595.56
3745,-853.33
3746,-915.56
3748,-746.67
3749,-400.00
3750,-204.44
3751,-266.67
3752,-240.00
3753,-640.00
3756,-826.67
3757,-995.56
3758,-808.89
3759,-506.67
3760,-71.11
3761,-248.89
3762,-328.89
3764,-693.33
3765,-702.22
3766,-968.89
3767,-968.89
3768,-702.22
3769,-302.22
3771,-320.00
3772,-471.11
3773,-551.11
3774,-702.22
3775,-800.00
3776,-1066.67
3778,-897.78
3779,-533.33
3780,-284.44
3781,-355.56
3782,-417.78
3783,-577.78
3785,-728.89
3786,-986.67
3787,-906.67
3788,-568.89
3789,-248.89
3790,-177.78
3792,-168.89
3793,-417.78
3794,-675.56
3795,-915.56
3796,-906.67
3798,-657.78
3800,-275.56
3801,-80.00
3802,-231.11
3803,-355.56
3804,-604.44
3805,-755.56
3806,-862.22
3808,-782.22
3809,-480.00
3810,-248.89
3811,-222.22
3812,-480.00
3813,-542.22
3815,-693.33
3816,-817.78
3817,-1040.00
3818,-764.44
3819,-364.44
3821,-320.00
3822,-417.78
3823,-551.11
3824,-613.33
3825,-835.56
3826,-1022.22
3828,-942.22
3829,-622.22
3830,-293.33
3831,-355.56
3832,-257.78
3833,-657.78
3835,-817.78
3836,-1155.56
3837,-995.56
3838,-666.67
3840,-213.33
3841,-302.22
3843,-382.22
3844,-684.44
3845,-728.89
3846,-1004.44
3847,-977.78
3849,-684.44
3850,-311.11
3851,-320.00
3852,-444.44
3853,-533.33
3854,-666.67
3855,-764.44
3857,-942.22
3858,-782.22
3859,-551.11
3860,-293.33
3861,-293.33
3862,-355.56
3864,-515.56
3865,-702.22
3866,-942.22
3867,-906.67
3868,-666.67
3869,-346.67
3871,-257.78
3872,-257.78
3873,-515.56
3874,-648.89
3875,-933.33
3876,-1013.33
3878,-764.44
3879,-373.33
3880,-240.00
3881,-284.44
3883,-435.56
3884,-640.00
3886,-853.33
3887,-977.78
3888,-915.56
3889,-524.44
3890,-355.56
3891,-284.44
3893,-533.33
3894,-542.22
3895,-835.56
3896,-960.00
3897,-1120.00
3898,-702.22
3900,-346.67
3901,-248.89
3902,-444.44
3903,-577.78
3904,-764.44
3905,-888.89
3907,-1084.44
3908,-835.56
3909,-488.89
3910,-195.56
3911,-355.56
3912,-222.22
3914,-622.22
3915,-782.22
3916,-1066.67
3917,-862.22
3918,-560.00
3920,-133.33
3921,-222.22
3922,-257.78
3923,-613.33
3924,-728.89
3926,-1022.22
3928,-888.89
3929,-533.33
3930,-186.67
3931,-151.11
3932,-355.56
3933,-480.00
3935,-711.11
3936,-728.89
3937,-906.67
3938,-666.67
3939,-453.33
3940,-248.89
3942,-391.11
3943,-462.22
3944,-595.56
3945,-720.00
3946,-968.89
3947,-960.00
3949,-711.11
3950,-453.33
3951,-284.44
3952,-311.11
3953,-480.00
3954,-702.22
3956,-1013.33
3957,-1066.67
3958,-808.89
3959,-328.89
3960,-222.22
3961,-302.22
3963,-533.33
3964,-728.89
3965,-977.78
3966,-1048.89
3968,-817.78
3970,-400.00
3971,-320.00
3972,-373.33
3973,-560.00
3974,-666.67
3975,-791.11
3977,-1004.44
3978,-942.22
3979,-604.44
3980,-266.67
3981,-328.89
3982,-391.11
3984,-595.56
3985,-684.44
3986,-888.89
3987,-960.00
3988,-737.78
3989,-408.89
3991,-293.33
3992,-355.56
3993,-231.11
3994,-595.56
3995,-764.44
3996,-977.78
3998,-737.78
3999,-506.67
4000,-71.11
4001,-186.67
4002,-222.22
4003,-595.56
4004,-648.89
4006,-924.44
4007,-844.44
4008,-622.22
4009,-231.11
4011,-222.22
4012,-417.78
4014,-551.11
4015,-693.33
4016,-773.33
4017,-960.00
4018,-808.89
4019,-488.89
4021,-240.00
4022,-391.11
4023,-391.11
4024,-542.22
4025,-675.56
4026,-942.22
4027,-933.33
4029,-648.89
4030,-302.22
4031,-257.78
4032,-213.33
4033,-400.00
4034,-657.78
4036,-977.78
4037,-986.67
4038,-684.44
4039,-266.67
4040,-80.00
4041,-213.33
4043,-391.11
4044,-640.00
4045,-862.22
4046,-986.67
4047,-782.22
4048,-444.44
4049,-213.33
4051,-266.67
4052,-435.56
4054,-515.56
4055,-693.33
4056,-888.89
4057,-951.11
4059,-773.33
4060,-435.56
4061,-284.44
4062,-382.22
4063,-542.22
4064,-631.11
4066,-853.33
4067,-995.56
4068,-915.56
4069,-524.44
4070,-257.78
4071,-266.67
4073,-231.11
4074,-622.22
4075,-746.67
4076,-1013.33
4077,-915.56
4078,-648.89
4080,-186.67
4081,-204.44
4082,-293.33
4083,-560.00
4084,-666.67
4085,-951.11
4087,-968.89
4088,-675.56
4089,-284.44
4090,-231.11
4091,-328.89
4092,-497.78
4094,-604.44
4096,-711.11
4097,-933.33
4098,-808.89
4099,-480.00
4100,-257.78
4102,-355.56
4103,-435.56
4104,-586.67
4105,-711.11
4106,-977.78
4107,-986.67
4108,-826.67
4110,-551.11
4111,-337.78
4112,-453.33
4113,-444.44
4114,-782.22
4115,-986.67
4117,-1200.00
4118,-880.00
4119,-586.67
4120,-248.89
4121,-391.11
4123,-497.78
4124,-773.33
4125,-871.11
4126,-1084.44
4127,-888.89
4128,-631.11
4130,-320.00
4131,-382.22
4132,-506.67
4133,-613.33
4134,-728.89
4135,-942.22
4137,-995.56
4139,-764.44
4140,-320.00
4141,-248.89
4142,-311.11
4143,-497.78
4145,-577.78
4146,-746.67
4147,-888.89
4148,-826.67
4149,-426.67
4150,-320.00
4152,-231.11
4153,-266.67
4154,-488.89
4155,-693.33
4156,-862.22
4157,-844.44
4158,-568.89
4160,-204.44
4161,-160.00
4162,-222.22
4163,-417.78
4164,-622.22
4165,-862.22
4167,-915.56
4168,-720.00
4169,-364.44
4170,-213.33
4171,-337.78
4172,-488.89
4174,-640.00
4175,-782.22
4176,-986.67
4177,-951.11
4178,-684.44
4179,-320.00
4182,-311.11
4183,-382.22
4184,-577.78
4185,-702.22
4186,-968.89
4187,-1022.22
4189,-862.22
4190,-444.44
4191,-275.56
4192,-302.22
4193,-364.44
4194,-622.22
4196,-915.56
4197,-1040.00
4198,-835.56
4199,-471.11
4200,-168.89
4201,-275.56
4203,-373.33
4204,-648.89
4205,-791.11
4206,-1013.33
4207,-942.22
4209,-515.56
4210,-311.11
4211,-248.89
4212,-426.67
4213,-533.33
4214,-720.00
4216,-871.11
4217,-968.89
4218,-631.11
4219,-302.22
4220,-186.67
4221,-328.89
4222,-524.44
4225,-640.00
4226,-746.67
4227,-977.78
4228,-835.56
4229,-533.33
4230,-408.89
4232,-400.00
4233,-373.33
4234,-604.44
4235,-755.56
4236,-1022.22
4238,-995.56
4239,-720.00
4240,-337.78
4241,-257.78
4242,-346.67
4243,-542.22
4244,-764.44
4246,-977.78
4247,-1093.33
4248,-737.78
4249,-364.44
4250,-222.22
4252,-480.00
4253,-560.00
4254,-791.11
4255,-826.67
4256,-1120.00
4257,-835.56
4259,-568.89
4260,-213.33
4261,-391.11
4262,-417.78
4263,-622.22
4264,-640.00
4267,-933.33
4268,-853.33
4269,-737.78
4270,-275.56
4271,-257.78
4272,-293.33
4274,-355.56
4275,-560.00
4276,-880.00
4277,-942.22
4278,-737.78
4279,-400.00
4280,-80.00
4282,-213.33
4283,-275.56
4284,-631.11
4285,-755.56
4286,-977.78
4287,-844.44
4289,-497.78
4290,-204.44
4291,-213.33
4292,-426.67
4293,-488.89
4294,-720.00
4296,-853.33
4297,-1004.44
4298,-675.56
4299,-417.78
4300,-266.67
4301,-417.78
4303,-542.22
4304,-648.89
4305,-755.56
4306,-1013.33
4307,-880.00
4308,-613.33
4311,-373.33
4312,-293.33
4313,-337.78
4314,-542.22
4315,-773.33
4316,-995.56
4318,-995.56
4319,-675.56
4320,-302.22
4321,-124.44
4322,-275.56
4323,-444.44
4325,-702.22
4326,-906.67
4327,-1013.33
4328,-693.33
4329,-320.00
4330,-177.78
4332,-328.89
4333,-497.78
4334,-640.00
4335,-693.33
4336,-933.33
4337,-773.33
4339,-497.78
4340,-231.11
4341,-355.56
4342,-355.56
4343,-613.33
4344,-631.11
4346,-915.56
4347,-951.11
4348,-800.00
4349,-444.44
4350,-337.78
4352,-382.22
4354,-364.44
4355,-684.44
4356,-968.89
4357,-1093.33
4358,-897.78
4359,-533.33
4361,-222.22
4362,-328.89
4363,-444.44
4364,-773.33
4365,-906.67
4366,-1128.89
4368,-933.33
4369,-586.67
4370,-337.78
4371,-382.22
4372,-542.22
4373,-613.33
4375,-835.56
4376,-924.44
4377,-1066.67
4378,-764.44
4379,-444.44
4381,-293.33
4382,-435.56
4383,-551.11
4384,-640.00
4385,-835.56
4386,-1022.22
4388,-844.44
4389,-506.67
4390,-204.44
4391,-284.44
4392,-240.00
4393,-657.78
4396,-737.78
4397,-1004.44
4398,-853.33
4399,-533.33
4400,-17.78
4401,-177.78
4403,-177.78
4404,-444.44
4405,-560.00
4406,-826.67
4407,-791.11
4408,-542.22
4410,-186.67
4411,-151.11
4412,-293.33
4413,-400.00
4414,-595.56
4415,-702.22
4416,-933.33
4418,-746.67
4419,-506.67
4420,-222.22
4421,-320.00
4422,-417.78
4423,-622.22
4425,-755.56
4426,-968.89
4427,-977.78
4428,-764.44
4429,-408.89
4430,-257.78
4432,-382.22
4433,-391.11
4434,-711.11
4435,-960.00
4436,-1066.67
4438,-897.78
4440,-533.33
4441,-195.56
4442,-302.22
4443,-417.78
4444,-693.33
4445,-844.44
4447,-1066.67
4448,-924.44
4449,-586.67
4450,-293.33
4451,-328.89
4453,-426.67
4454,-595.56
4455,-746.67
4456,-933.33
4457,-986.67
4458,-622.22
4459,-248.89
4461,-151.11
4462,-355.56
4463,-524.44
4464,-631.11
4465,-755.56
4466,-968.89
4468,-817.78
4469,-488.89
4470,-320.00
4471,-346.67
4472,-426.67
4473,-560.00
4475,-720.00
4476,-986.67
4477,-924.44
4478,-693.33
4480,-417.78
4481,-293.33
4483,-346.67
4484,-524.44
4485,-746.67
4486,-960.00
4487,-1075.56
4488,-755.56
4490,-391.11
4491,-284.44
4492,-400.00
4493,-533.33
4494,-711.11
4495,-871.11
4497,-1048.89
4498,-862.22
4499,-568.89
4500,-248.89
4501,-355.56
4502,-453.33
4504,-640.00
4505,-702.22
4506,-977.78
4507,-906.67
4508,-728.89
4509,-364.44
4511,-284.44
4512,-337.78
4513,-346.67
4514,-577.78
4515,-826.67
4516,-924.44
4518,-782.22
4519,-391.11
4520,-115.56
4521,-195.56
4523,-213.33
4524,-551.11
4526,-755.56
4527,-986.67
4528,-782.22
4529,-515.56
4530,-160.00
4531,-195.56
4533,-355.56
4534,-568.89
4535,-702.22
4536,-951.11
4537,-951.11
4538,-684.44
4540,-391.11
4541,-311.11
4542,-391.11
4543,-542.22
4544,-640.00
4545,-782.22
4546,-968.89
4548,-897.78
4549,-595.56
4550,-391.11
4551,-275.56
4552,-337.78
4553,-524.44
4555,-702.22
4556,-995.56
4557,-968.89
4558,-675.56
4559,-248.89
4560,-53.33
4562,-204.44
4563,-328.89
4564,-577.78
4566,-782.22
4567,-897.78
4568,-604.44
4569,-311.11
4571,-62.22
4572,-248.89
4573,-373.33
4574,-551.11
4575,-693.33
4576,-951.11
4578,-862.22
4579,-604.44
4580,-337.78
4581,-337.78
4582,-444.44
4583,-613.33
4585,-702.22
4586,-871.11
4587,-1022.22
4588,-906.67
4589,-506.67
4590,-453.33
4592,-435.56
4593,-444.44
4594,-657.78
4595,-897.78
4596,-1164.44
4597,-1004.44
4599,-640.00
4600,-302.22
4601,-346.67
4602,-382.22
4603,-755.56
4605,-862.22
4606,-1102.22
4608,-1013.33
4609,-613.33
4610,-346.67
4611,-417.78
4613,-506.67
4614,-640.00
4615,-800.00
4616,-951.11
4617,-977.78
4618,-746.67
4620,-408.89
4621,-231.11
4622,-364.44
4623,-462.22
4624,-586.67
4625,-657.78
4627,-906.67
4628,-826.67
4629,-506.67
4630,-266.67
4631,-213.33
4632,-302.22
4634,-435.56
4635,-693.33
4636,-835.56
4637,-897.78
4638,-604.44
4639,-311.11
4641,-115.56
4642,-293.33
4643,-391.11
4644,-631.11
4645,-826.67
4646,-995.56
4648,-728.89
4649,-408.89
4651,-195.56
4652,-364.44
4653,-471.11
4654,-702.22
4655,-808.89
4657,-1040.00
4658,-880.00
4659,-640.00
4660,-346.67
4661,-408.89
4663,-444.44
4664,-631.11
4665,-666.67
4666,-915.56
4667,-986.67
4668,-862.22
4670,-400.00
4671,-364.44
4672,-266.67
4673,-373.33
4674,-595.56
4675,-888.89
4676,-1004.44
4678,-871.11
4679,-542.22
4680,-133.33
4681,-186.67
4682,-266.67
4684,-586.67
4685,-702.22
4686,-924.44
4687,-817.78
4688,-506.67
4689,-168.89
4691,-133.33
4692,-346.67
4694,-417.78
4695,-604.44
4696,-764.44
4697,-933.33
4698,-684.44
4700,-328.89
4701,-186.67
4702,-346.67
4703,-444.44
4704,-551.11
4705,-755.56
4707,-960.00
4708,-844.44
4709,-604.44
4710,-355.56
4711,-266.67
4712,-391.11
4714,-586.67
4715,-764.44
4716,-1075.56
4717,-1075.56
4718,-720.00
4720,-355.56
4721,-364.44
4722,-435.56
4723,-595.56
4724,-764.44
4725,-995.56
4727,-1102.22
4728,-800.00
4729,-444.44
4730,-355.56
4731,-435.56
4732,-515.56
4734,-728.89
4736,-862.22
4737,-1093.33
4738,-897.78
4739,-586.67
4740,-275.56
4742,-328.89
4743,-453.33
4744,-648.89
4745,-755.56
4746,-933.33
4747,-942.22
4749,-693.33
4750,-328.89
4751,-240.00
4752,-311.11
4753,-328.89
4754,-613.33
4756,-764.44
4757,-880.00
4758,-746.67
4759,-471.11
4760,-62.22
4761,-204.44
4762,-293.33
4764,-586.67
4765,-684.44
4766,-942.22
4767,-871.11
4768,-568.89
4769,-204.44
4771,-222.22
4772,-346.67
4773,-515.56
4774,-720.00
4775,-933.33
4776,-1040.00
4779,-737.78
4780,-337.78
4781,-266.67
4782,-400.00
4783,-515.56
4785,-684.44
4786,-853.33
4787,-977.78
4788,-853.33
4789,-568.89
4790,-311.11
4791,-284.44
4793,-400.00
4794,-524.44
4795,-684.44
4796,-942.22
4797,-942.22
4798,-675.56
4800,-400.00
4801,-133.33
4802,-266.67
4803,-311.11
4804,-631.11
4805,-808.89
4807,-1022.22
4808,-755.56
4809,-400.00
4810,-88.89
4811,-257.78
4812,-328.89
4814,-568.89
4815,-737.78
4816,-915.56
4817,-817.78
4818,-595.56
4819,-204.44
4822,-231.11
4823,-417.78
4824,-568.89
4825,-640.00
4826,-853.33
4827,-960.00
4828,-817.78
4830,-506.67
4831,-364.44
4832,-337.78
4833,-444.44
4834,-568.89
4835,-817.78
4837,-1040.00
4838,-1022.22
4839,-577.78
4840,-311.11
4841,-311.11
4843,-355.56
4844,-622.22
4845,-880.00
4846,-1075.56
4847,-995.56
4848,-631.11
4850,-355.56
4851,-266.67
4852,-488.89
4853,-604.44
4854,-773.33
4855,-942.22
4857,-1093.33
4858,-711.11
4859,-453.33
4860,-293.33
4861,-462.22
4864,-506.67
4865,-666.67
4866,-720.00
4867,-942.22
4868,-862.22
4869,-551.11
4870,-311.11
4872,-257.78
4873,-311.11
4874,-462.22
4875,-613.33
4876,-942.22
4877,-880.00
4879,-648.89
4880,-231.11
4881,-124.44
4882,-213.33
4883,-471.11
4884,-640.00
4886,-871.11
4887,-960.00
4888,-720.00
4889,-266.67
4890,-177.78
4891,-320.00
4893,-453.33
4894,-604.44
4895,-808.89
4896,-1004.44
4897,-853.33
4898,-542.22
4900,-266.67
4901,-355.56
4902,-471.11
4903,-613.33
4904,-746.67
4905,-986.67
4908,-1004.44
4909,-782.22
4910,-426.67
4911,-320.00
4912,-311.11
4914,-373.33
4915,-702.22
4916,-906.67
4917,-1057.78
4918,-888.89
4919,-542.22
4921,-160.00
4922,-302.22
4923,-311.11
4924,-728.89
4925,-826.67
4926,-1057.78
4928,-924.44
4929,-595.56
4930,-248.89
4931,-266.67
4932,-417.78
4933,-604.44
4935,-720.00
4936,-924.44
4937,-977.78
4938,-648.89
4939,-311.11
4940,-195.56
4942,-355.56
4943,-471.11
4944,-595.56
4945,-693.33
4946,-942.22
4947,-871.11
4950,-488.89
4951,-266.67
4952,-248.89
4953,-400.00
4954,-533.33
4955,-782.22
4957,-995.56
4958,-986.67
4959,-720.00
4960,-400.00
4961,-240.00
4962,-444.44
4963,-524.44
4965,-755.56
4966,-951.11
4967,-1120.00
4968,-746.67
4969,-435.56
4971,-293.33
4972,-417.78
4973,-480.00
4974,-746.67
4975,-808.89
4976,-1040.00
4978,-880.00
4979,-595.56
4980,-311.11
4981,-426.67
4982,-426.67
4983,-604.44
4985,-728.89
4986,-995.56
4987,-915.56
4988,-826.67
4989,-373.33
4990,-337.78
4993,-257.78
4994,-551.11
4995,-640.00
4996,-791.11
4997,-924.44
4998,-826.67
5000,-488.89
5001,-231.11
5002,-266.67
5003,-284.44
5004,-577.78
5005,-728.89
5006,-906.67
5008,-853.33
5009,-533.33
5010,-177.78
5011,-204.44
5012,-364.44
5013,-480.00
5015,-622.22
5016,-888.89
5017,-951.11
5018,-720.00
5019,-346.67
5020,-284.44
5022,-408.89
5023,-497.78
5024,-604.44
5025,-808.89
5026,-1004.44
5027,-853.33
5029,-497.78
5030,-320.00
5031,-266.67
5032,-355.56
5033,-542.22
5035,-737.78
5037,-968.89
5038,-915.56
5039,-675.56
5040,-257.78
5041,-195.56
5042,-257.78
5044,-426.67
5045,-657.78
5046,-880.00
5047,-977.78
5048,-746.67
5049,-373.33
5051,-133.33
5052,-266.67
5053,-417.78
5054,-604.44
5055,-746.67
5056,-951.11
5058,-826.67
5059,-506.67
5060,-213.33
5061,-204.44
5062,-435.56
5063,-568.89
5065,-702.22
5066,-844.44
5067,-986.67
5068,-826.67
5069,-391.11
5070,-302.22
5071,-373.33
5073,-497.78
5074,-622.22
5075,-880.00
5076,-1093.33
5078,-951.11
5080,-595.56
5081,-337.78
5082,-391.11
5083,-391.11
5084,-648.89
5085,-844.44
5087,-1084.44
5088,-995.56
5089,-604.44
5090,-328.89
5091,-248.89
5092,-417.78
5094,-524.44
5095,-817.78
5096,-942.22
5097,-1057.78
5098,-693.33
5099,-408.89
5101,-266.67
5102,-462.22
5103,-488.89
5104,-693.33
5105,-755.56
5106,-1022.22
5108,-791.11
5109,-551.11
5110,-311.11
5111,-302.22
5112,-337.78
5113,-551.11
5115,-648.89
5116,-880.00
5117,-897.78
5118,-648.89
5120,-320.00
5121,-213.33
5123,-302.22
5124,-391.11
5125,-648.89
5126,-826.67
5127,-968.89
5128,-684.44
5130,-373.33
5131,-88.89
5132,-320.00
5133,-453.33
5134,-631.11
5135,-702.22
5136,-960.00
5138,-906.67
5139,-604.44
5140,-293.33
5141,-382.22
5142,-480.00
5143,-595.56
5145,-711.11
5146,-915.56
5147,-1022.22
5148,-817.78
5149,-382.22
5151,-373.33
5152,-346.67
5153,-480.00
5154,-577.78
5155,-853.33
5156,-871.11
5157,-844.44
5159,-462.22
5160,-240.00
5161,-195.56
5163,-186.67
5164,-497.78
5165,-728.89
5167,-888.89
5168,-844.44
5169,-586.67
5170,-204.44
5171,-62.22
5172,-257.78
5174,-373.33
5175,-560.00
5176,-746.67
5177,-933.33
5178,-702.22
5179,-364.44
5180,-177.78
5182,-284.44
5183,-471.11
5184,-542.22
5185,-737.78
5186,-995.56
5187,-951.11
5189,-666.67
5190,-328.89
5191,-364.44
5192,-417.78
5193,-480.00
5194,-746.67
5196,-1004.44
5197,-1084.44
5198,-808.89
5199,-488.89
5200,-222.22
5202,-364.44
5203,-497.78
5204,-782.22
5206,-1040.00
5207,-1191.11
5209,-871.11
5210,-408.89
5211,-293.33
5212,-408.89
5213,-551.11
5214,-737.78
5216,-897.78
5217,-1057.78
5218,-924.44
5219,-551.11
5220,-328.89
5221,-382.22
5223,-488.89
5224,-604.44
5225,-720.00
5226,-915.56
5227,-977.78
5228,-728.89
5230,-364.44
5231,-311.11
5232,-302.22
5233,-400.00
5234,-640.00
5235,-773.33
5237,-924.44
5238,-808.89
5239,-506.67
5240,-106.67
5241,-257.78
5242,-240.00
5243,-657.78
5245,-711.11
5246,-924.44
5248,-817.78
5249,-551.11
5250,-142.22
5251,-213.33
5253,-364.44
5254,-515.56
5255,-648.89
5256,-853.33
5257,-977.78
5258,-746.67
5260,-417.78
5261,-293.33
5262,-373.33
5263,-497.78
5264,-640.00
5265,-800.00
5267,-1048.89
5268,-915.56
5269,-577.78
5270,-266.67
5271,-293.33
5272,-355.56
5274,-577.78
5275,-755.56
5276,-995.56
5277,-942.22
5278,-657.78
5279,-320.00
5281,-168.89
5282,-320.00
5283,-435.56
5284,-666.67
5285,-871.11
5286,-960.00
5288,-782.22
5289,-382.22
5291,-240.00
5292,-231.11
5293,-444.44
5294,-542.22
5296,-684.44
5297,-835.56
5298,-888.89
5299,-560.00
5300,-257.78
5301,-248.89
5303,-364.44
5304,-506.67
5305,-666.67
5306,-817.78
5307,-968.89
5308,-817.78
5309,-444.44
5311,-240.00
5312,-328.89
5313,-426.67
5314,-586.67
5315,-791.11
5316,-1031.11
5318,-924.44
5319,-551.11
5320,-284.44
5321,-337.78
5322,-320.00
5324,-631.11
5325,-755.56
5326,-1031.11
5327,-960.00
5328,-702.22
5329,-311.11
5331,-328.89
5332,-391.11
5334,-515.56
5335,-728.89
5336,-986.67
5337,-1031.11
5339,-720.00
5340,-400.00
5341,-257.78
5342,-346.67
5343,-524.44
5344,-675.56
5346,-773.33
5347,-986.67
5348,-800.00
5349,-524.44
5350,-284.44
5351,-302.22
5353,-355.56
5354,-533.33
5355,-640.00
5356,-862.22
5357,-906.67
5358,-755.56
5360,-400.00
5361,-266.67
5362,-275.56
5363,-435.56
5364,-666.67
5365,-942.22
5367,-1057.78
5368,-791.11
5369,-373.33
5370,-168.89
5371,-275.56
5372,-444.44
5374,-640.00
5376,-791.11
5377,-977.78
5378,-897.78
5379,-515.56
5380,-222.22
5382,-284.44
5383,-488.89
5384,-622.22
5385,-791.11
5386,-960.00
5387,-1066.67
5389,-782.22
5390,-408.89
5391,-346.67
5392,-453.33
5393,-435.56
5394,-648.89
5396,-844.44
5397,-968.89
5398,-844.44
5399,-506.67
5400,-133.33
5401,-240.00
5403,-133.33
5404,-577.78
5405,-702.22
5406,-986.67
5407,-808.89
5408,-568.89
5410,-133.33
5411,-151.11
5412,-257.78
5413,-506.67
5414,-648.89
5415,-817.78
5416,-888.89
5419,-684.44
5420,-355.56
5421,-168.89
5422,-284.44
5423,-453.33
5424,-560.00
5426,-702.22
5427,-933.33
5428,-853.33
5429,-631.11
5430,-302.22
5431,-275.56
5433,-426.67
5434,-515.56
5435,-657.78
5436,-986.67
5437,-1048.89
5438,-835.56
5440,-453.33
5441,-222.22
5442,-355.56
5443,-417.78
5444,-711.11
5445,-960.00
5447,-1102.22
5448,-835.56
5449,-506.67
5450,-222.22
5451,-400.00
5453,-497.78
5454,-711.11
5455,-817.78
5456,-1013.33
5457,-880.00
5458,-586.67
5460,-337.78
5462,-346.67
5463,-426.67
5464,-604.44
5465,-693.33
5466,-862.22
5468,-906.67
5469,-791.11
5470,-400.00
5471,-364.44
5472,-320.00
5473,-471.11
5475,-533.33
5476,-808.89
5477,-915.56
5478,-924.44
5479,-551.11
5480,-346.67
5481,-266.67
5483,-355.56
5484,-675.56
5485,-791.11
5486,-1022.22
5487,-960.00
5489,-622.22
5490,-293.33
5491,-248.89
5492,-382.22
5493,-542.22
5494,-684.44
5496,-862.22
5497,-1022.22
5498,-702.22
5499,-417.78
5500,-257.78
5501,-391.11
5504,-426.67
5505,-657.78
5506,-737.78
5507,-1066.67
5508,-880.00
5509,-577.78
5511,-284.44
5512,-311.11
5513,-408.89
5514,-542.22
5515,-746.67
5516,-1022.22
5518,-995.56
5519,-684.44
5520,-240.00
5521,-186.67
5522,-204.44
5523,-506.67
5525,-684.44
5526,-986.67
5527,-977.78
5528,-684.44
5529,-257.78
5530,-151.11
5532,-311.11
5533,-497.78
5534,-648.89
5535,-888.89
5536,-960.00
5537,-844.44
5539,-488.89
5540,-284.44
5541,-257.78
5542,-435.56
5543,-542.22
5544,-693.33
5547,-835.56
5548,-968.89
5549,-755.56
5550,-373.33
5551,-248.89
5552,-320.00
5554,-488.89
5555,-675.56
5556,-844.44
5557,-1066.67
5558,-942.22
5559,-577.78
5561,-266.67
5562,-391.11
5563,-364.44
5564,-684.44
5565,-844.44
5566,-1120.00
5568,-968.89
5569,-613.33
5570,-275.56
5571,-275.56
5572,-417.78
5573,-613.33
5575,-720.00
5576,-951.11
5577,-1048.89
5578,-693.33
5579,-364.44
5581,-293.33
5582,-391.11
5583,-471.11
5584,-675.56
5585,-835.56
5586,-1048.89
5588,-791.11
5590,-480.00
5591,-302.22
5592,-302.22
5593,-364.44
5594,-577.78
5596,-711.11
5597,-995.56
5598,-862.22
5599,-560.00
5600,-231.11
5601,-266.67
5603,-240.00
5604,-497.78
5605,-648.89
5606,-844.44
5607,-853.33
5608,-720.00
5610,-346.67
5611,-195.56
5612,-328.89
5613,-391.11
5614,-586.67
5615,-755.56
5616,-897.78
5618,-817.78
5619,-533.33
5620,-293.33
5621,-302.22
5622,-453.33
5623,-604.44
5625,-737.78
5626,-924.44
5627,-1013.33
5628,-764.44
5629,-302.22
5632,-337.78
5633,-417.78
5634,-506.67
5635,-622.22
5636,-871.11
5637,-986.67
5638,-844.44
5640,-462.22
5641,-177.78
5642,-266.67
5643,-248.89
5644,-560.00
5645,-746.67
5647,-951.11
5648,-808.89
5649,-515.56
5650,-177.78
5651,-160.00
5652,-284.44
5654,-435.56
5655,-586.67
5656,-871.11
5657,-897.78
5658,-586.67
5659,-320.00
5661,-168.89
5662,-293.33
5663,-364.44
5664,-604.44
5665,-746.67
5666,-977.78
5668,-817.78
5669,-542.22
5670,-248.89
5671,-302.22
5672,-488.89
5673,-586.67
5675,-755.56
5677,-968.89
5678,-995.56
5679,-808.89
5680,-542.22
5681,-311.11
5682,-408.89
5684,-453.33
5685,-728.89
5686,-977.78
5687,-1217.78
5688,-924.44
5690,-515.56
5691,-204.44
5692,-346.67
5693,-444.44
5694,-773.33
5695,-871.11
5697,-1128.89
5698,-960.00
5699,-480.00
5700,-266.67
5701,-328.89
5702,-533.33
5704,-586.67
5705,-791.11
5706,-924.44
5707,-960.00
5708,-613.33
5709,-373.33
5711,-293.33
5712,-346.67
5713,-506.67
5714,-568.89
5715,-746.67
5716,-942.22
5719,-817.78
5720,-497.78
5721,-231.11
5722,-284.44
5723,-151.11
5724,-604.44
5725,-711.11
5727,-1004.44
5728,-800.00
5729,-586.67
5730,-124.44
5731,-160.00
5733,-275.56
5734,-577.78
5735,-631.11
5736,-888.89
5737,-880.00
5738,-693.33
5740,-275.56
5741,-293.33
5742,-426.67
5743,-560.00
5744,-657.78
5745,-773.33
5746,-995.56
5748,-915.56
5749,-586.67
5750,-284.44
5751,-346.67
5752,-408.89
5753,-506.67
5755,-693.33
5756,-924.44
5757,-1031.11
5758,-693.33
5760,-355.56
5762,-142.22
5763,-257.78
5764,-364.44
5765,-711.11
5766,-933.33
5767,-1004.44
5769,-693.33
5770,-240.00
5771,-80.00
5772,-248.89
5773,-346.67
5774,-604.44
5775,-728.89
5777,-933.33
5778,-728.89
5779,-488.89
5780,-204.44
5781,-275.56
5782,-382.22
5784,-533.33
5785,-631.11
5786,-844.44
5787,-942.22
5788,-808.89
5789,-435.56
5791,-302.22
5792,-320.00
5793,-497.78
5794,-515.56
5795,-844.44
5796,-942.22
5798,-995.56
5799,-577.78
5800,-293.33
5801,-248.89
5803,-275.56
5804,-595.56
5806,-800.00
5807,-1066.67
5808,-1022.22
5809,-702.22
5810,-311.11
5811,-284.44
5813,-435.56
5814,-622.22
5815,-737.78
5816,-933.33
5817,-1031.11
5819,-728.89
5820,-373.33
5821,-346.67
5822,-426.67
5823,-506.67
5824,-622.22
5826,-791.11
5827,-1004.44
5828,-897.78
5829,-462.22
5830,-266.67
5831,-248.89
5833,-346.67
5834,-533.33
5835,-720.00
5836,-906.67
5837,-906.67
5838,-586.67
5840,-311.11
5841,-213.33
5842,-257.78
5843,-417.78
5844,-684.44
5846,-862.22
5848,-942.22
5849,-684.44
5850,-391.11
5851,-204.44
5852,-275.56
5853,-408.89
5854,-666.67
5856,-773.33
5857,-951.11
5858,-862.22
5859,-515.56
5860,-266.67
5861,-320.00
5863,-462.22
5864,-560.00
5865,-764.44
5866,-942.22
5867,-1022.22
5869,-746.67
5870,-364.44
5871,-257.78
5872,-364.44
5873,-577.78
5874,-666.67
5875,-844.44
5877,-924.44
5878,-906.67
5879,-515.56
5880,-222.22
5881,-293.33
5882,-248.89
5884,-577.78
5885,-720.00
5886,-986.67
5888,-826.67
5889,-497.78
5890,-88.89
5892,-124.44
5893,-204.44
5894,-417.78
5895,-595.56
5896,-835.56
5897,-862.22
5898,-622.22
5900,-320.00
5901,-186.67
5902,-284.44
5903,-426.67
5904,-568.89
5905,-791.11
5907,-924.44
5908,-862.22
5909,-577.78
5910,-302.22
5911,-284.44
5912,-426.67
5914,-595.56
5915,-702.22
5916,-924.44
5917,-986.67
5918,-853.33
5919,-480.00
5921,-284.44
5922,-320.00
5923,-364.44
5924,-648.89
5925,-906.67
5926,-1102.22
5928,-942.22
5929,-542.22
5931,-186.67
5932,-293.33
5933,-391.11
5934,-684.44
5936,-791.11
5937,-1031.11
5938,-977.78
5939,-568.89
5940,-293.33
5941,-311.11
5943,-533.33
5944,-577.78
5945,-728.89
5946,-844.44
5947,-960.00
5948,-711.11
5950,-400.00
5951,-266.67
5952,-337.78
5953,-462.22
5954,-568.89
5955,-720.00
5957,-960.00
5958,-906.67
5959,-604.44
5960,-364.44
5961,-382.22
5962,-328.89
5964,-551.11
5965,-764.44
5966,-1048.89
5967,-960.00
5968,-693.33
5969,-328.89
5971,-222.22
5972,-400.00
5974,-506.67
5975,-746.67
5976,-888.89
5977,-1048.89
5979,-702.22
5980,-462.22
5981,-266.67
5982,-400.00
5983,-480.00
5984,-684.44
5986,-791.11
5987,-1022.22
5988,-871.11
5989,-640.00
5990,-213.33
5992,-311.11
5993,-346.67
5994,-542.22
5995,-595.56
5996,-942.22
5997,-888.89
5999,-764.44
6000,-337.78
6001,-240.00
6002,-275.56
6003,-302.22
6004,-577.78
6005,-906.67
6007,-1040.00
6008,-782.22
6009,-373.33
6010,-62.22
6011,-204.44
6012,-275.56
6014,-631.11
6016,-755.56
6017,-986.67
6018,-826.67
6019,-488.89
6020,-195.56
6022,-240.00
6023,-497.78
6024,-506.67
6025,-711.11
6026,-853.33
6027,-1004.44
6029,-702.22
6030,-426.67
6031,-275.56
6032,-435.56
6033,-524.44
6034,-586.67
6036,-737.78
6037,-995.56
6038,-897.78
6039,-631.11
6040,-373.33
6041,-302.22
6043,-240.00
6044,-577.78
6045,-782.22
6046,-1111.11
6047,-968.89
6048,-711.11
6050,-231.11
6051,-195.56
6052,-293.33
6053,-560.00
6054,-693.33
6055,-933.33
6057,-968.89
6059,-702.22
6060,-320.00
6061,-213.33
6062,-355.56
6063,-471.11
6065,-631.11
6066,-720.00
6067,-968.89
6068,-835.56
6069,-524.44
6070,-231.11
6072,-320.00
6073,-320.00
6074,-542.22
6075,-622.22
6076,-933.33
6077,-977.78
6079,-808.89
6080,-471.11
6081,-320.00
6082,-355.56
6083,-373.33
6084,-746.67
6086,-960.00
6087,-1155.56
6088,-888.89
6089,-515.56
6090,-240.00
6091,-373.33
6093,-480.00
6094,-737.78
6095,-853.33
6096,-1004.44
6097,-888.89
6098,-568.89
6100,-355.56
6102,-328.89
6103,-560.00
6104,-613.33
6105,-773.33
6106,-897.78
6108,-1102.22
6109,-800.00
6110,-480.00
6111,-311.11
6112,-364.44
6113,-515.56
6115,-568.89
6116,-782.22
6117,-933.33
6118,-844.44
6119,-506.67
6120,-213.33
6122,-231.11
6123,-142.22
6124,-560.00
6125,-648.89
6126,-951.11
6127,-808.89
6129,-577.78
6130,-71.11
6131,-106.67
6132,-213.33
6133,-426.67
6134,-560.00
6135,-773.33
6137,-853.33
6138,-684.44
6139,-320.00
6140,-257.78
6141,-302.22
6142,-480.00
6145,-542.22
6146,-764.44
6147,-977.78
6148,-951.11
6149,-657.78
6150,-391.11
6152,-337.78
6153,-453.33
6154,-568.89
6155,-728.89
6156,-968.89
6157,-1084.44
6159,-835.56
6160,-533.33
6161,-275.56
6162,-435.56
6163,-364.44
6164,-737.78
6166,-924.44
6167,-1128.89
6168,-924.44
6169,-622.22
6170,-186.67
6172,-320.00
6173,-400.00
6174,-640.00
6175,-764.44
6176,-1022.22
6177,-933.33
6179,-604.44
6180,-293.33
6181,-266.67
6182,-453.33
6183,-560.00
6184,-746.67
6187,-844.44
6188,-1004.44
6189,-693.33
6190,-320.00
6191,-133.33
6192,-320.00
6194,-462.22
6195,-586.67
6196,-693.33
6197,-880.00
6198,-755.56
6199,-497.78
6201,-275.56
6202,-275.56
6203,-257.78
6204,-560.00
6205,-631.11
6206,-995.56
6208,-888.89
6209,-702.22
6210,-266.67
6211,-248.89
6212,-248.89
6213,-524.44
6215,-693.33
6216,-977.78
6217,-995.56
6218,-800.00
6219,-364.44
6220,-320.00
6221,-382.22
6223,-604.44
6224,-720.00
6225,-951.11
6226,-1066.67
6227,-968.89
6230,-631.11
6231,-391.11
6232,-391.11
6233,-453.33
6234,-631.11
6235,-728.89
6237,-951.11
6238,-968.89
6239,-808.89
6240,-426.67
6241,-204.44
6242,-275.56
6243,-248.89
6245,-648.89
6246,-853.33
6247,-1040.00
6248,-844.44
6249,-408.89
6251,-26.67
6252,-186.67
6253,-222.22
6254,-568.89
6255,-684.44
6256,-853.33
6257,-737.78
6259,-435.56
6260,-97.78
6261,-168.89
6262,-364.44
6263,-444.44
6264,-657.78
6265,-773.33
6267,-986.67
6268,-728.89
6269,-506.67
6270,-284.44
6272,-391.11
6273,-435.56
6275,-657.78
6276,-702.22
6277,-977.78
6278,-888.89
6279,-657.78
6280,-355.56
6282,-284.44
6283,-257.78
6284,-417.78
6285,-657.78
6286,-1004.44
6287,-968.89
6289,-835.56
6290,-266.67
6291,-80.00
6292,-213.33
6293,-373.33
6294,-622.22
6296,-853.33
6297,-942.22
6298,-773.33
6299,-417.78
6300,-213.33
6301,-204.44
6303,-453.33
6304,-515.56
6305,-720.00
6306,-835.56
6307,-924.44
6308,-622.22
6309,-373.33
6311,-275.56
6312,-408.89
6313,-488.89
6315,-648.89
6316,-844.44
6317,-995.56
6319,-933.33
6320,-515.56
6321,-364.44
6322,-346.67
6323,-320.00
6324,-613.33
6326,-826.67
6327,-1093.33
6328,-933.33
6329,-675.56
6330,-222.22
6331,-222.22
6333,-284.44
6334,-595.56
6335,-693.33
6336,-977.78
6337,-924.44
6338,-648.89
6340,-293.33
6341,-204.44
6342,-346.67
6343,-480.00
6344,-657.78
6345,-746.67
6347,-933.33
6348,-773.33
6349,-417.78
6350,-151.11
6351,-302.22
6352,-391.11
6354,-542.22
6355,-640.00
6356,-880.00
6358,-906.67
6359,-711.11
6360,-364.44
6362,-248.89
6363,-355.56
6364,-480.00
6365,-728.89
6366,-960.00
6367,-1120.00
6369,-817.78
6370,-417.78
6371,-231.11
6372,-346.67
6373,-480.00
6374,-773.33
6376,-942.22
6377,-1084.44
6378,-844.44
6379,-426.67
6380,-275.56
6381,-346.67
6383,-533.33
6384,-684.44
6385,-871.11
6386,-1022.22
6387,-1004.44
6389,-622.22
6390,-391.11
6391,-373.33
6392,-417.78
6393,-586.67
6394,-711.11
6396,-888.89
6397,-1004.44
6398,-844.44
6400,-480.00
6401,-240.00
6402,-346.67
6404,-293.33
6405,-702.22
6406,-880.00
6407,-1146.67
6408,-906.67
6410,-631.11
6411,-124.44
6412,-284.44
6413,-302.22
6414,-702.22
6415,-720.00
6416,-1031.11
6418,-897.78
6419,-631.11
6420,-248.89
6421,-257.78
6422,-417.78
6424,-568.89
6425,-711.11
6426,-835.56
6427,-968.89
6428,-737.78
6429,-364.44
6431,-195.56
6432,-364.44
6433,-497.78
6434,-586.67
6435,-720.00
6436,-951.11
6437,-888.89
6439,-657.78
6440,-337.78
6441,-240.00
6443,-391.11
6444,-488.89
6445,-755.56
6447,-1057.78
6448,-1031.11
6449,-675.56
6450,-320.00
6451,-266.67
6453,-302.22
6454,-533.33
6455,-702.22
6456,-942.22
6457,-1031.11
6458,-720.00
6460,-355.56
6461,-222.22
6462,-355.56
6463,-533.33
6464,-693.33
6465,-844.44
6467,-1004.44
6468,-835.56
6469,-577.78
6470,-400.00
6471,-382.22
6473,-391.11
6474,-551.11
6475,-693.33
6476,-933.33
6477,-977.78
6478,-800.00
6480,-382.22
6481,-222.22
6482,-293.33
6483,-320.00
6484,-640.00
6486,-888.89
6487,-1004.44
6489,-791.11
6490,-480.00
6491,-168.89
6492,-186.67
6493,-328.89
6495,-586.67
6496,-728.89
6497,-951.11
6498,-808.89
6499,-471.11
6500,-142.22
6502,-151.11
6503,-311.11
6504,-462.22
6505,-640.00
6506,-853.33
6507,-942.22
6508,-648.89
6510,-240.00
6511,-195.56
6512,-462.22
6513,-595.56
6514,-657.78
6515,-800.00
6517,-1031.11
6518,-808.89
6519,-542.22
6520,-373.33
6521,-293.33
6523,-408.89
6524,-551.11
6525,-791.11
6526,-1048.89
6528,-1057.78
6529,-648.89
6531,-275.56
6532,-293.33
6533,-337.78
6534,-613.33
6535,-826.67
6536,-1066.67
6538,-986.67
6539,-675.56
6540,-337.78
6541,-240.00
6542,-408.89
6544,-551.11
6545,-773.33
6546,-888.89
6547,-1102.22
6548,-808.89
6549,-497.78
6551,-275.56
6552,-408.89
6553,-435.56
6554,-648.89
6555,-728.89
6556,-960.00
6558,-897.78
6559,-693.33
6560,-320.00
6561,-293.33
6562,-311.11
6563,-373.33
6565,-613.33
6566,-897.78
6567,-924.44
6568,-782.22
6569,-408.89
6571,-53.33
6572,-186.67
6574,-311.11
6575,-640.00
6576,-844.44
6577,-1031.11
6578,-800.00
6579,-400.00
6581,-151.11
6582,-275.56
6583,-453.33
6584,-551.11
6585,-764.44
6586,-933.33
6588,-960.00
6589,-631.11
6590,-417.78
6591,-302.22
6592,-497.78
6593,-533.33
6595,-657.78
6596,-791.11
6597,-986.67
6598,-826.67
6599,-577.78
6600,-302.22
6602,-275.56
6603,-364.44
6604,-488.89
6605,-720.00
6606,-951.11
6607,-897.78
6609,-586.67
6610,-293.33
6611,-115.56
6612,-133.33
6614,-426.67
6615,-577.78
6616,-800.00
6618,-862.22
6619,-648.89
6620,-231.11
6621,0.00
6622,-248.89
6623,-471.11
6624,-595.56
6626,-808.89
6627,-942.22
6628,-915.56
6629,-577.78
6630,-355.56
6631,-417.78
6632,-515.56
6634,-568.89
6635,-684.44
6636,-897.78
6637,-986.67
6638,-880.00
6639,-586.67
6641,-373.33
6642,-302.22
6643,-257.78
6644,-631.11
6645,-782.22
6646,-1111.11
6648,-942.22
6649,-586.67
6650,-124.44
6651,-240.00
6652,-257.78
6654,-631.11
6656,-711.11
6657,-951.11
6658,-808.89
6659,-533.33
6660,-186.67
6661,-213.33
6663,-275.56
6664,-426.67
6665,-506.67
6666,-773.33
6667,-924.44
6668,-728.89
6670,-355.56
6671,-177.78
6672,-231.11
6673,-444.44
6674,-533.33
6675,-693.33
6677,-906.67
6678,-942.22
6679,-551.11
6680,-311.11
6681,-257.78
6682,-400.00
6684,-506.67
6685,-791.11
6686,-986.67
6687,-1084.44
6688,-853.33
6689,-515.56
6691,-266.67
6692,-391.11
6693,-488.89
6694,-800.00
6695,-1013.33
6697,-1164.44
6699,-817.78
6700,-462.22
6701,-284.44
6702,-400.00
6703,-515.56
6705,-720.00
6706,-871.11
6707,-1040.00
6708,-951.11
6709,-586.67
6710,-337.78
6712,-417.78
6713,-497.78
6714,-648.89
6715,-764.44
6716,-960.00
6717,-977.78
6719,-826.67
6720,-426.67
6721,-320.00
6722,-311.11
6723,-435.56
6724,-604.44
6726,-737.78
6727,-924.44
6728,-764.44
6729,-462.22
6730,-177.78
6731,-177.78
6733,-231.11
6734,-480.00
6735,-657.78
6736,-808.89
6737,-844.44
6738,-524.44
6740,-160.00
6742,-124.44
6743,-311.11
6744,-426.67
6745,-577.78
6746,-835.56
6747,-968.89
6749,-702.22
6750,-337.78
6751,-204.44
6752,-426.67
6753,-497.78
6754,-595.56
6756,-702.22
6757,-995.56
6758,-835.56
6759,-657.78
6760,-337.78
6761,-346.67
6763,-337.78
6764,-551.11
6765,-675.56
6766,-906.67
6767,-951.11
6768,-835.56
6770,-382.22
6771,-248.89
6772,-248.89
6773,-382.22
6774,-568.89
6775,-871.11
6777,-977.78
6778,-835.56
6779,-453.33
6780,-177.78
6781,-186.67
6782,-426.67
6785,-560.00
6786,-720.00
6787,-871.11
6788,-942.22
6789,-595.56
6790,-302.22
6791,-213.33
6793,-444.44
6794,-542.22
6795,-631.11
6796,-746.67
6797,-960.00
6798,-800.00
6800,-471.11
6801,-320.00
6802,-311.11
6803,-320.00
6804,-524.44
6805,-746.67
6807,-1048.89
6808,-960.00
6809,-684.44
6810,-284.44
6811,-248.89
6812,-284.44
6814,-551.11
6815,-746.67
6816,-1013.33
6817,-986.67
6818,-640.00
6820,-311.11
6821,-213.33
6822,-355.56
6823,-480.00
6824,-728.89
6825,-897.78
6828,-1048.89
6829,-773.33
6830,-435.56
6831,-248.89
6832,-373.33
6833,-524.44
6835,-666.67
6836,-711.11
6837,-995.56
6838,-862.22
6839,-702.22
6840,-320.00
6842,-355.56
6843,-364.44
6844,-533.33
6845,-568.89
6846,-897.78
6847,-977.78
6849,-800.00
6850,-435.56
6851,-213.33
6852,-257.78
6853,-364.44
6854,-693.33
6855,-924.44
6857,-1040.00
6858,-826.67
6859,-435.56
6860,-97.78
6861,-311.11
6862,-462.22
6864,-631.11
6865,-773.33
6866,-933.33
6867,-888.89
6868,-586.67
6870,-337.78
6872,-284.44
6873,-515.56
6874,-524.44
6875,-693.33
6876,-773.33
6877,-1013.33
6879,-853.33
6880,-551.11
6881,-346.67
6882,-320.00
6883,-400.00
6884,-533.33
6886,-791.11
6887,-924.44
6888,-880.00
6889,-551.11
6890,-168.89
6891,-142.22
6893,-133.33
6894,-462.22
6895,-640.00
6896,-871.11
6897,-835.56
6898,-586.67
6900,-222.22
6901,-80.00
6902,-240.00
6903,-435.56
6904,-577.78
6905,-737.78
6906,-897.78
6908,-782.22
6909,-435.56
6910,-213.33
6912,-320.00
6913,-471.11
6914,-577.78
6916,-648.89
6917,-915.56
6918,-1004.44
6919,-782.22
6920,-355.56
6921,-435.56
6923,-364.44
6924,-551.11
6925,-640.00
6926,-1004.44
6927,-1022.22
6929,-924.44
6930,-533.33
6931,-284.44
6932,-346.67
6933,-408.89
6934,-657.78
6936,-1004.44
6937,-1146.67
6938,-942.22
6939,-480.00
6940,-302.22
6942,-355.56
6943,-542.22
6944,-711.11
6945,-871.11
6946,-968.89
6947,-942.22
6949,-613.33
6950,-355.56
6951,-302.22
6952,-444.44
6953,-524.44
6955,-631.11
6957,-764.44
6958,-942.22
6959,-791.11
6960,-524.44
6961,-346.67
6962,-248.89
6963,-400.00
6965,-533.33
6966,-728.89
6967,-986.67
6968,-960.00
6969,-586.67
6970,-213.33
6972,-213.33
6973,-204.44
6974,-524.44
6975,-666.67
6976,-915.56
6977,-915.56
6979,-622.22
6980,-257.78
6981,-204.44
6982,-355.56
6983,-480.00
6984,-631.11
6986,-871.11
6987,-1004.44
6988,-782.22
6989,-417.78
6990,-293.33
6991,-320.00
6993,-497.78
6994,-560.00
6995,-755.56
6996,-995.56
6998,-977.78
6999,-622.22
7001,-275.56
7002,-320.00
7003,-400.00
7004,-568.89
7005,-782.22
7006,-977.78
7008,-995.56
7009,-755.56
7010,-426.67
7011,-248.89
7012,-266.67
7013,-284.44
7015,-595.56
7016,-782.22
7017,-906.67
7018,-800.00
7019,-471.11
7020,-133.33
7022,-151.11
7023,-320.00
7024,-551.11
7025,-684.44
7026,-915.56
7027,-942.22
7028,-577.78
7030,-231.11
7031,-151.11
7032,-391.11
7033,-497.78
7034,-675.56
7035,-764.44
7037,-986.67
7038,-782.22
7040,-471.11
7041,-222.22
7042,-417.78
7043,-426.67
7045,-568.89
7046,-755.56
7047,-1040.00
7048,-977.78
7049,-702.22
7050,-373.33
7052,-320.00
7053,-320.00
7054,-488.89
7055,-720.00
7056,-1013.33
7058,-1048.89
7059,-702.22
7060,-284.44
7061,-231.11
7062,-346.67
7063,-524.44
7065,-746.67
7066,-1013.33
7067,-1031.11
7068,-737.78
7069,-364.44
7071,-293.33
7072,-417.78
7073,-560.00
7074,-666.67
7075,-728.89
7076,-960.00
7078,-808.89
7079,-586.67
7080,-337.78
7081,-364.44
7083,-284.44
7084,-577.78
7086,-604.44
7087,-880.00
7088,-862.22
7089,-817.78
7090,-426.67
7091,-284.44
7092,-328.89
7094,-302.22
7095,-604.44
7096,-844.44
7097,-995.56
7098,-808.89
7099,-480.00
7101,-115.56
7102,-204.44
7103,-364.44
7104,-604.44
7105,-702.22
7106,-977.78
7108,-897.78
7109,-640.00
7110,-275.56
7111,-293.33
7112,-453.33
7113,-595.56
7115,-711.11
7116,-862.22
7117,-995.56
7118,-826.67
7119,-480.00
7120,-311.11
7122,-328.89
7123,-400.00
7124,-524.44
7126,-773.33
7127,-968.89
7128,-888.89
7130,-560.00
7131,-231.11
7132,-186.67
7133,-115.56
7134,-444.44
7135,-640.00
7136,-924.44
7138,-826.67
7139,-604.44
7140,-160.00
7141,-80.00
7142,-186.67
7143,-417.78
7145,-577.78
7146,-791.11
7147,-915.56
7148,-808.89
7149,-417.78
7150,-266.67
7152,-266.67
7153,-488.89
7154,-506.67
7155,-728.89
7156,-924.44
7157,-995.56
7158,-728.89
7160,-373.33
7161,-275.56
7162,-400.00
7163,-497.78
7164,-648.89
7165,-897.78
7168,-1048.89
7169,-826.67
7170,-462.22
7171,-151.11
7172,-328.89
7174,-240.00
7175,-720.00
7176,-835.56
7177,-1066.67
7178,-853.33
7179,-577.78
7181,-168.89
7182,-320.00
7183,-373.33
7184,-666.67
7185,-764.44
7186,-1004.44
7188,-924.44
7189,-631.11
7190,-284.44
7191,-248.89
7192,-417.78
7193,-568.89
7195,-675.56
7196,-737.78
7197,-933.33
7198,-808.89
7199,-453.33
7200,-284.44
7202,-364.44
7203,-417.78
7204,-560.00
7205,-746.67
7206,-933.33
7207,-933.33
7209,-684.44
7211,-417.78
7212,-293.33
7213,-320.00
7214,-560.00
7215,-720.00
7217,-1048.89
7218,-986.67
7219,-746.67
7220,-311.11
7221,-213.33
7222,-320.00
7224,-533.33
7225,-675.56
7226,-880.00
7227,-1004.44
7228,-808.89
7229,-444.44
7231,-320.00
7232,-355.56
7233,-488.89
7234,-595.56
7235,-782.22
7236,-995.56
7238,-977.78
7239,-675.56
7240,-337.78
7241,-320.00
7242,-400.00
7243,-577.78
7245,-675.56
7246,-897.78
7247,-942.22
7248,-737.78
7249,-391.11
7250,-257.78
7252,-346.67
7254,-204.44
7255,-622.22
7256,-755.56
7257,-924.44
7258,-764.44
7260,-524.44
7261,-106.67
7262,-204.44
7263,-231.11
7264,-551.11
7265,-657.78
7266,-888.89
7268,-862.22
7269,-666.67
7270,-302.22
7271,-204.44
7272,-400.00
7273,-506.67
7275,-648.89
7276,-800.00
7277,-995.56
7278,-844.44
7279,-551.11
7280,-257.78
7282,-328.89
7283,-408.89
7284,-595.56
7285,-737.78
7286,-1031.11
7287,-951.11
7289,-728.89
7290,-302.22
7291,-257.78
7292,-204.44
7293,-471.11
7294,-640.00
7297,-977.78
7298,-977.78
7299,-720.00
7300,-346.67
7301,-177.78
7302,-302.22
7304,-453.33
7305,-622.22
7306,-853.33
7307,-951.11
7308,-800.00
7309,-435.56
7311,-320.00
7312,-195.56
7313,-426.67
7314,-524.44
7315,-728.89
7316,-835.56
7318,-942.22
7319,-702.22
7320,-346.67
7321,-231.11
7322,-391.11
7323,-595.56
7325,-684.44
7326,-862.22
7327,-1057.78
7328,-888.89
7329,-586.67
7330,-373.33
7332,-435.56
7333,-382.22
7334,-684.44
7335,-808.89
7336,-1155.56
7337,-986.67
7340,-640.00
7341,-293.33
7342,-302.22
7343,-417.78
7344,-640.00
7345,-782.22
7347,-1031.11
7348,-1040.00
7349,-622.22
7350,-293.33
7351,-266.67
7353,-480.00
7354,-524.44
7355,-782.22
7356,-808.89
7357,-1048.89
7358,-737.78
7360,-480.00
7361,-257.78
7362,-426.67
7363,-444.44
7364,-631.11
7365,-693.33
7367,-1004.44
7368,-862.22
7369,-551.11
7370,-222.22
7371,-222.22
7372,-213.33
7374,-480.00
7375,-622.22
7376,-942.22
7377,-862.22
7378,-586.67
7379,-195.56
7382,-88.89
7383,-195.56
7384,-373.33
7385,-622.22
7386,-853.33
7387,-933.33
7389,-746.67
7390,-382.22
7391,-186.67
7392,-257.78
7393,-480.00
7394,-568.89
7395,-702.22
7397,-897.78
7398,-960.00
7399,-693.33
7400,-293.33
7401,-293.33
7402,-435.56
7404,-586.67
7405,-675.56
7406,-888.89
7407,-1048.89
7408,-933.33
7410,-488.89
7411,-346.67
7412,-373.33
7413,-293.33
7414,-631.11
7415,-871.11
7416,-1111.11
7418,-933.33
7419,-604.44
7420,-186.67
7421,-293.33
7422,-355.56
7425,-657.78
7426,-791.11
7427,-1048.89
7428,-995.56
7429,-648.89
7430,-328.89
7432,-248.89
7433,-471.11
7434,-506.67
7435,-737.78
7436,-808.89
7437,-942.22
7439,-693.33
7440,-453.33
7441,-240.00
7442,-346.67
7443,-435.56
7444,-568.89
7446,-711.11
7447,-960.00
7448,-888.89
7449,-675.56
7450,-417.78
7451,-373.33
7453,-284.44
7454,-560.00
7455,-702.22
7456,-1040.00
7457,-942.22
7458,-791.11
7460,-293.33
7461,-204.44
7462,-302.22
7463,-497.78
7464,-702.22
7465,-968.89
7468,-1057.78
7469,-800.00
7470,-426.67
7471,-364.44
7472,-400.00
7473,-542.22
7475,-622.22
7476,-800.00
7477,-977.78
7478,-942.22
7479,-622.22
7480,-257.78
7482,-266.67
7483,-364.44
7484,-480.00
7485,-675.56
7486,-871.11
7487,-1013.33
7489,-693.33
7490,-408.89
7491,-97.78
7492,-364.44
7493,-248.89
7494,-684.44
7496,-791.11
7497,-1022.22
7498,-702.22
7499,-444.44
7500,-35.56
7501,-213.33
7503,-240.00
7504,-595.56
7505,-613.33
7506,-933.33
7507,-791.11
7508,-586.67
7510,-186.67
7512,-240.00
7513,-391.11
7514,-515.56
7515,-711.11
7516,-826.67
7517,-1004.44
7519,-826.67
7520,-506.67
7521,-257.78
7522,-346.67
7523,-497.78
7525,-577.78
7526,-791.11
7527,-968.89
7528,-968.89
7529,-640.00
7530,-364.44
7531,-231.11
7533,-293.33
7534,-524.44
7535,-728.89
7536,-1013.33
7537,-1075.56
7539,-764.44
7540,-293.33
7541,-222.22
7542,-373.33
7543,-480.00
7544,-737.78
7546,-906.67
7547,-1102.22
7548,-773.33
7549,-408.89
7550,-275.56
7552,-364.44
7554,-426.67
7555,-640.00
7556,-773.33
7557,-1022.22
7558,-888.89
7560,-506.67
7561,-151.11
7562,-231.11
7563,-346.67
7564,-568.89
7565,-702.22
7567,-862.22
7568,-906.67
7569,-684.44
7570,-373.33
7571,-257.78
7572,-391.11
7573,-320.00
7575,-684.44
7576,-808.89
7577,-1013.33
7578,-737.78
7579,-488.89
7581,-124.44
7582,-320.00
7583,-302.22
7584,-675.56
7585,-720.00
7586,-1022.22
7588,-764.44
7589,-595.56
7590,-240.00
7591,-302.22
7592,-408.89
7593,-560.00
7596,-702.22
7597,-924.44
7598,-977.78
7599,-853.33
7600,-408.89
7601,-231.11
7603,-355.56
7604,-560.00
7605,-613.33
7606,-817.78
7607,-942.22
7608,-871.11
7610,-488.89
7611,-257.78
7612,-275.56
7613,-248.89
7614,-497.78
7615,-648.89
7616,-906.67
7618,-880.00
7619,-560.00
7620,-186.67
7621,-88.89
7622,-168.89
7623,-320.00
7625,-577.78
7626,-817.78
7627,-933.33
7628,-675.56
7629,-364.44
7630,-160.00
7632,-248.89
7633,-382.22
7634,-577.78
7635,-728.89
7636,-951.11
7638,-862.22
7639,-631.11
7641,-320.00
7642,-311.11
7643,-444.44
7644,-586.67
7645,-675.56
7646,-915.56
7648,-986.67
7649,-880.00
7650,-497.78
7651,-284.44
7652,-382.22
7653,-346.67
7655,-684.44
7656,-862.22
7657,-1155.56
7658,-968.89
7659,-622.22
7660,-195.56
7662,-311.11
7663,-382.22
7664,-675.56
7665,-773.33
7666,-1057.78
7668,-1004.44
7669,-666.67
7670,-293.33
7671,-320.00
7672,-515.56
7673,-595.56
7675,-773.33
7676,-924.44
7677,-1040.00
7678,-728.89
7680,-320.00
7681,-222.22
7683,-320.00
7684,-471.11
7685,-595.56
7686,-737.78
7687,-888.89
7688,-826.67
7690,-444.44
7691,-320.00
7692,-266.67
7693,-222.22
7694,-506.67
7695,-675.56
7697,-915.56
7698,-844.44
7699,-577.78
7700,-186.67
7701,-115.56
7702,-222.22
7704,-444.44
7705,-666.67
7706,-862.22
7707,-951.11
7708,-693.33
7709,-426.67
7711,-231.11
7712,-391.11
7713,-435.56
7714,-666.67
7715,-782.22
7716,-1040.00
7718,-862.22
7719,-666.67
7720,-257.78
7721,-346.67
7723,-435.56
7724,-640.00
7726,-684.44
7727,-968.89
7728,-968.89
7729,-835.56
7730,-355.56
7731,-302.22
7733,-355.56
7734,-364.44
7735,-631.11
7736,-871.11
7737,-1022.22
7738,-826.67
7740,-471.11
7741,-97.78
7742,-168.89
7743,-231.11
7744,-577.78
7745,-684.44
7746,-906.67
7748,-791.11
7749,-471.11
7750,-168.89
7751,-168.89
7752,-417.78
7753,-417.78
7755,-693.33
7756,-737.78
7757,-924.44
7758,-675.56
7759,-506.67
7760,-204.44
7762,-435.56
7763,-444.44
7764,-622.22
7766,-666.67
7767,-995.56
7768,-880.00
7770,-693.33
7771,-346.67
7772,-266.67
7773,-266.67
7774,-480.00
7775,-693.33
7777,-1013.33
7778,-1048.89
7779,-817.78
7780,-328.89
7781,-213.33
7783,-302.22
7784,-551.11
7785,-711.11
7786,-995.56
7787,-1075.56
7788,-826.67
7790,-408.89
7791,-293.33
7792,-417.78
7793,-568.89
7794,-684.44
7795,-782.22
7797,-1031.11
7798,-942.22
7799,-577.78
7800,-266.67
7801,-320.00
7802,-364.44
7804,-551.11
7805,-720.00
7806,-915.56
7808,-942.22
7809,-782.22
7810,-346.67
7812,-204.44
7813,-320.00
7814,-400.00
7815,-622.22
7816,-915.56
7817,-977.78
7819,-808.89
7820,-400.00
7821,-177.78
7822,-284.44
7823,-355.56
7824,-631.11
7826,-746.67
7827,-933.33
7828,-853.33
7829,-524.44
7830,-311.11
7831,-248.89
7832,-488.89
7834,-480.00
7835,-746.67
7836,-871.11
7837,-1057.78
7838,-702.22
7840,-453.33
7841,-222.22
7842,-417.78
7843,-471.11
7844,-622.22
7845,-737.78
7847,-1004.44
7848,-826.67
7849,-542.22
7851,-231.11
7852,-293.33
7853,-222.22
7855,-631.11
7856,-720.00
7857,-1048.89
7858,-915.56
7859,-693.33
7860,-186.67
7862,-240.00
7863,-266.67
7864,-551.11
7865,-640.00
7866,-906.67
7867,-942.22
7869,-720.00
7870,-257.78
7871,-213.33
7872,-266.67
7873,-435.56
7874,-586.67
7876,-746.67
7877,-960.00
7878,-835.56
7879,-471.11
7880,-177.78
7881,-213.33
7883,-382.22
7884,-595.56
7885,-720.00
7886,-951.11
7887,-1004.44
7888,-711.11
7890,-364.44
7891,-337.78
7892,-453.33
7894,-462.22
7895,-728.89
7896,-915.56
7898,-1057.78
7899,-871.11
7900,-604.44
7901,-257.78
7902,-373.33
7903,-400.00
7905,-746.67
7906,-826.67
7907,-1120.00
7908,-977.78
7909,-595.56
7911,-311.11
7912,-320.00
7913,-506.67
7914,-586.67
7915,-871.11
7916,-933.33
7917,-1066.67
7919,-728.89
7920,-426.67
7921,-275.56
7922,-453.33
7923,-524.44
7925,-640.00
7926,-835.56
7927,-1004.44
7928,-817.78
7929,-506.67
7930,-284.44
7932,-257.78
7933,-284.44
7934,-560.00
7936,-720.00
7937,-915.56
7938,-835.56
7940,-533.33
7941,-160.00
7942,-186.67
7943,-160.00
7944,-373.33
7945,-613.33
7947,-835.56
7948,-835.56
7949,-586.67
7950,-231.11
7951,-62.22
7952,-266.67
7953,-417.78
7955,-595.56
7956,-782.22
7957,-995.56
7958,-808.89
7959,-560.00
7960,-275.56
7962,-373.33
7963,-453.33
7964,-640.00
7965,-702.22
7966,-951.11
7967,-942.22
7969,-791.11
7970,-462.22
7971,-231.11
7972,-311.11
7973,-311.11
7974,-604.44
7976,-906.67
7977,-1066.67
7979,-871.11
7980,-453.33
7981,-106.67
7982,-275.56
7984,-408.89
7985,-737.78
7986,-880.00
7987,-1057.78
7988,-897.78
7989,-471.11
7991,-222.22
7992,-248.89
7993,-506.67
7994,-542.22
7995,-728.89
7996,-844.44
7998,-977.78
7999,-577.78
8000,-320.00
8001,-168.89
8002,-346.67
8003,-453.33
8005,-622.22
8006,-728.89
8007,-960.00
8008,-862.22
8009,-560.00
8010,-284.44
8012,-346.67
8013,-302.22
8014,-648.89
8015,-746.67
8016,-1137.78
8017,-906.67
8019,-657.78
8020,-204.44
8022,-231.11
8023,-257.78
8024,-666.67
8025,-711.11
8027,-1048.89
8028,-960.00
8029,-675.56
8030,-266.67
8031,-302.22
8032,-391.11
8034,-506.67
8035,-728.89
8036,-835.56
8037,-1031.11
8038,-826.67
8040,-568.89
8041,-293.33
8042,-302.22
8043,-417.78
8044,-604.44
8045,-702.22
8047,-977.78
8048,-960.00
8049,-666.67
8050,-320.00
8051,-213.33
8052,-302.22
8053,-382.22
8055,-684.44
8056,-880.00
8057,-942.22
8058,-746.67
8059,-320.00
8060,-44.44
8062,-293.33
8064,-302.22
8065,-631.11
8066,-728.89
8067,-960.00
8068,-817.78
8069,-533.33
8071,-240.00
8072,-284.44
8073,-471.11
8074,-542.22
8075,-728.89
8076,-880.00
8078,-1031.11
8079,-728.89
8080,-444.44
8081,-302.22
8082,-426.67
8084,-568.89
8085,-631.11
8086,-844.44
8087,-1022.22
8088,-888.89
8089,-506.67
8091,-346.67
8092,-275.56
8093,-400.00
8094,-577.78
8095,-764.44
8096,-1013.33
8098,-897.78
8099,-666.67
8100,-266.67
8101,-186.67
8102,-248.89
8103,-524.44
8105,-657.78
8107,-880.00
8108,-915.56
8109,-648.89
8110,-311.11
8111,-133.33
8113,-275.56
8114,-408.89
8115,-604.44
8116,-684.44
8117,-933.33
8118,-791.11
8120,-435.56
8121,-151.11
8122,-266.67
8123,-373.33
8124,-551.11
8125,-702.22
8127,-960.00
8128,-933.33
8129,-702.22
8130,-400.00
8131,-266.67
8132,-400.00
8134,-471.11
8135,-720.00
8136,-960.00
8137,-1102.22
8138,-853.33
8139,-488.89
8141,-311.11
8142,-373.33
8143,-488.89
8144,-764.44
8145,-933.33
8146,-1146.67
8148,-977.78
8150,-560.00
8151,-355.56
8152,-346.67
8153,-497.78
8154,-640.00
8156,-862.22
8157,-1022.22
8158,-1048.89
8159,-675.56
8160,-391.11
8162,-275.56
8163,-444.44
8164,-595.56
8165,-800.00
8166,-880.00
8167,-1013.33
8169,-835.56
8170,-435.56
8171,-248.89
8172,-346.67
8173,-302.22
8174,-631.11
8176,-791.11
8177,-1022.22
8178,-826.67
8179,-613.33
8180,-151.11
8181,-213.33
8183,-204.44
8184,-586.67
8185,-631.11
8186,-933.33
8187,-862.22
8188,-551.11
8190,-186.67
8192,-115.56
8193,-293.33
8194,-382.22
8195,-631.11
8196,-764.44
8198,-924.44
8199,-648.89
8200,-373.33
8201,-177.78
8202,-328.89
8203,-444.44
8205,-622.22
8206,-720.00
8207,-968.89
8208,-933.33
8209,-711.11
8210,-364.44
8212,-337.78
8213,-462.22
8214,-551.11
8215,-711.11
8216,-1022.22
8217,-1102.22
8219,-800.00
8220,-435.56
8221,-355.56
8222,-453.33
8223,-524.44
8224,-755.56
8226,-1013.33
8227,-1102.22
8228,-755.56
8229,-435.56
8230,-275.56
8232,-364.44
8233,-533.33
8235,-702.22
8236,-853.33
8237,-1013.33
8239,-835.56
8240,-595.56
8241,-346.67
8242,-364.44
8243,-417.78
8244,-604.44
8245,-684.44
8247,-924.44
8248,-968.89
8249,-800.00
8250,-355.56
8251,-266.67
8252,-231.11
8254,-320.00
8255,-568.89
8256,-782.22
8257,-924.44
8258,-808.89
8259,-453.33
8261,-62.22
8262,-177.78
8263,-231.11
8264,-542.22
8265,-684.44
8266,-951.11
8267,-853.33
8269,-551.11
8270,-177.78
8271,-177.78
8272,-328.89
8273,-471.11
8274,-648.89
8276,-888.89
8278,-1040.00
8279,-720.00
8280,-400.00
8281,-302.22
8283,-462.22
8284,-515.56
8285,-666.67
8286,-800.00
8287,-1004.44
8288,-942.22
8290,-631.11
8291,-400.00
8292,-293.33
8293,-373.33
8294,-524.44
8295,-746.67
8297,-1057.78
8298,-1057.78
8299,-675.56
8300,-284.44
8301,-231.11
8303,-302.22
8304,-586.67
8305,-773.33
8306,-1057.78
8307,-1022.22
8308,-702.22
8310,-302.22
8311,-257.78
8312,-435.56
8313,-533.33
8314,-773.33
8315,-871.11
8317,-1093.33
8318,-755.56
8320,-533.33
8321,-284.44
8322,-382.22
8324,-400.00
8325,-613.33
8326,-684.44
8327,-951.11
8328,-933.33
8329,-720.00
8330,-328.89
8332,-257.78
8333,-257.78
8334,-346.67
8335,-604.44
8336,-906.67
8337,-915.56
8339,-764.44
8340,-364.44
8341,-35.56
8342,-240.00
8343,-400.00
8344,-702.22
8346,-835.56
8347,-1040.00
8348,-835.56
8349,-417.78
8350,-248.89
8351,-293.33
8353,-444.44
8354,-524.44
8355,-737.78
8356,-888.89
8357,-977.78
8358,-702.22
8360,-382.22
8361,-311.11
8363,-453.33
8364,-515.56
8365,-702.22
8366,-880.00
8368,-1022.22
8369,-880.00
8370,-506.67
8371,-275.56
8372,-302.22
8373,-293.33
8375,-631.11
8376,-746.67
8377,-1022.22
8378,-862.22
8379,-595.56
8380,-168.89
8382,-204.44
8383,-213.33
8384,-533.33
8385,-631.11
8386,-871.11
8387,-862.22
8389,-631.11
8390,-231.11
8391,-133.33
8392,-275.56
8393,-400.00
8394,-551.11
8396,-711.11
8397,-942.22
8398,-746.67
8399,-471.11
8400,-177.78
8401,-284.44
8403,-391.11
8404,-551.11
8406,-693.33
8407,-942.22
8408,-960.00
8409,-746.67
8411,-408.89
8412,-284.44
8413,-382.22
8414,-497.78
8415,-764.44
8416,-1004.44
8418,-1084.44
8419,-942.22
8420,-480.00
8421,-284.44
8422,-391.11
8423,-497.78
8425,-764.44
8426,-960.00