0,305
0,305
0,315
1,328
1,333
1,348
2,370
2,381
3,379
3,389
3,400
4,391
4,378
4,386
5,385
5,376
5,383
6,377
6,347
6,334
7,338
7,330
7,319
8,317
8,278
9,290
10,295
10,322
11,330
12,378
12,392
13,408
14,389
14,382
15,386
16,343
16,342
17,320
18,309
18,293
19,286
20,315
20,326
21,369
22,377
22,404
23,390
24,384
24,364
25,351
26,357
26,322
27,328
28,312
28,303
29,292
30,318
30,345
31,351
32,384
32,389
33,392
33,370
34,381
35,360
35,347
36,339
37,335
37,311
38,293
39,312
39,310
40,335
41,361
41,398
43,383
44,393
44,391
45,380
46,363
46,348
47,340
48,308
48,298
49,296
50,313
50,324
51,346
52,386
52,380
53,412
54,388
54,392
55,379
56,356
56,349
57,323
58,320
58,295
59,303
60,307
60,339
61,369
62,379
62,413
63,395
64,392
64,365
65,366
66,350
66,321
67,330
68,304
68,302
69,290
70,324
70,340
71,360
72,384
72,392
73,385
74,367
74,373
75,351
76,350
76,337
77,333
78,305
78,290
79,309
80,309
80,340
81,356
82,383
82,373
83,389
84,380
84,379
86,369
87,340
87,332
88,299
89,293
89,279
90,304
91,328
91,340
92,394
93,391
93,414
94,379
95,391
95,368
96,338
97,341
97,306
98,315
99,282
99,310
100,322
101,346
101,391
102,384
103,401
104,386
104,358
105,367
106,347
107,324
107,336
108,298
109,294
110,328
110,335
111,371
112,390
113,391
113,392
114,378
115,366
116,357
116,333
117,333
118,298
119,295
119,322
120,320
121,365
122,391
122,390
123,398
124,387
125,381
125,355
126,333
128,318
129,301
129,278
130,319
131,336
132,353
132,419
133,398
134,391
135,398
135,361
136,344
137,343
138,302
138,306
139,296
140,301
141,355
141,362
142,387
143,406
143,376
144,373
145,365
146,343
146,341
147,314
148,302
149,297
149,296
150,333
151,364
152,367
152,404
153,380
154,378
155,371
155,347
156,339
157,324
158,292
158,293
159,298
160,309
161,359
161,374
162,398
163,396
164,374
164,391
165,347
166,334
167,325
167,286
168,287
169,312
171,321
171,364
172,391
173,393
174,411
174,372
175,379
176,366
177,323
177,337
178,315
179,287
180,319
180,330
181,354
182,398
183,386
183,397
184,386
185,359
186,371
186,342
187,319
188,327
189,291
189,303
190,337
191,348
192,385
192,393
193,393
194,388
195,369
195,358
196,349
197,321
198,324
198,294
199,300
200,325
201,336
201,377
202,389
203,384
204,396
204,374
205,360
206,352
207,323
207,305
208,301
209,283
209,315
210,347
211,363
212,408
212,392
214,388
215,383
216,353
216,342
217,327
218,297
219,303
219,291
220,317
221,361
222,367
222,391
223,403
224,372
225,366
225,367
226,331
227,326
228,310
228,293
229,295
230,316
231,351
231,371
232,388
233,406
234,370
234,374
235,360
236,339
237,340
237,322
238,296
239,298
240,317
240,333
241,365
242,384
243,387
243,387
244,378
245,379
246,347
246,339
247,322
248,286
249,303
249,308
250,332
251,374
252,391
252,400
253,407
254,385
256,381
256,356
257,324
258,318
259,301
259,286
260,325
261,348
262,374
262,415
263,404
264,394
265,379
265,355
266,353
267,323
268,312
268,308
269,280
270,319
271,349
271,362
272,400
273,395
273,380
274,373
275,362
276,342
276,337
277,324
278,307
279,296
279,314
280,320
281,345
282,388
282,382
283,387
284,395
285,372
285,358
286,345
287,307
288,286
288,287
289,288
290,326
291,356
291,382
292,412
293,390
294,390
294,381
295,338
296,336
297,310
297,283
299,297
300,304
301,337
301,380
302,386
303,406
304,400
304,364
305,365
306,359
307,321
307,327
308,305
309,288
310,316
310,338
311,362
312,381
313,390
313,389
314,368
315,374
316,353
316,341
317,346
318,313
319,299
319,308
320,317
321,344
322,379
322,384
323,397
324,387
325,386
325,375
326,336
327,333
328,303
328,278
329,315
330,316
331,356
331,399
332,400
333,405
334,398
334,369
335,359
336,337
337,314
337,316
338,290
339,303
339,338
340,355
342,385
343,397
343,384
344,378
345,361
346,357
346,346
347,317
348,319
349,305
349,289
350,332
351,349
352,360
352,400
353,387
354,378
355,375
355,352
356,343
357,337
358,310
358,299
359,288
360,309
361,337
361,365
362,393
363,375
364,386
364,381
365,355
366,349
367,332
367,298
368,297
369,298
370,306
370,348
371,369
372,395
373,408
373,381
374,395
375,363
376,336
376,342
377,304
378,294
379,308
379,311
380,354
381,386
382,382
382,411
384,385
385,360
386,374
386,342
387,323
388,328
389,297
389,297
390,325
391,341
392,372
392,389
393,392
394,388
395,370
395,372
396,359
397,336
398,340
398,297
399,295
400,312
401,326
401,364
402,393
403,390
404,403
404,383
405,368
406,357
406,323
407,314
408,288
409,281
409,317
410,325
411,364
412,402
412,390
413,395
414,397
415,362
415,353
416,337
417,299
418,314
418,290
419,308
420,353
421,361
421,390
422,410
423,378
424,380
424,367
425,335
427,341
428,307
428,296
429,297
430,290
431,339
431,367
432,377
433,406
434,382
434,373
435,363
436,346
437,333
437,328
438,292
439,301
440,306
440,324
441,363
442,379
443,396
443,393
444,384
445,382
446,355
446,336
447,332
448,286
449,294
449,308
450,316
451,367
452,387
452,400
453,406
454,378
455,387
455,358
456,327
457,332
458,308
458,284
459,325
460,333
461,358
461,406
462,391
463,401
464,384
464,359
465,365
466,342
467,318
467,320
468,288
470,301
470,340
471,355
472,386
473,399
473,389
474,385
475,365
476,350
476,345
477,322
478,315
479,291
479,300
480,318
481,348
482,378
482,386
483,387
484,390
485,369
485,360
486,349
487,318
488,306
488,291
489,288
490,321
491,337
491,370
492,402
493,390
494,388
494,387
495,354
496,342
497,329
497,294
498,299
499,288
500,319
500,360
501,376
502,399
503,405
503,374
504,372
505,364
506,330
506,333
507,307
508,296
509,301
509,318
510,359
512,375
513,389
513,403
514,374
515,372
516,363
516,342
517,335
518,331
519,292
519,307
520,320
521,331
522,374
522,390
523,389
524,387
525,387
525,363
526,350
527,338
528,316
528,293
529,309
530,309
531,334
531,372
532,385
533,405
534,396
534,379
535,384
536,349
536,332
537,323
538,295
539,290
539,317
540,342
541,372
542,399
542,399
543,399
544,368
545,364
545,355
546,320
547,314
548,305
548,278
549,315
550,346
551,360
551,393
552,394
553,377
555,370
555,356
556,344
557,339
558,324
558,309
559,293
560,314
561,321
561,354
562,383
563,381
564,380
564,389
565,362
566,350
567,346
567,311
568,297
569,286
570,302
570,327
571,352
572,388
573,393
573,384
574,399
575,377
576,350
576,344
577,309
578,295
579,300
579,299
580,346
581,371
582,389
582,415
583,397
584,380
585,371
585,353
586,328
587,326
588,301
588,289
589,310
590,336
591,375
591,390
592,399
593,393
594,363
594,365
595,357
596,338
598,340
598,316
599,295
600,318
600,323
601,349
602,384
603,388
603,389
604,387
605,383
606,350
606,351
607,330
608,301
609,290
609,310
610,306
611,348
612,388
612,385
613,405
614,396
615,380
615,364
616,332
617,314
618,306
618,281
619,304
620,329
621,358
621,396
622,406
623,394
624,385
624,357
625,348
626,340
627,308
627,307
628,297
629,291
630,334
630,353
631,368
632,392
633,381
633,370
634,366
635,353
636,344
636,337
637,316
638,298
640,291
640,317
641,331
642,376
643,391
643,385
644,396
645,384
646,360
646,352
647,332
648,293
649,300
649,291
650,308
651,352
652,365
652,401
653,407
654,383
655,397
655,360
656,335
657,340
658,303
658,297
659,317
660,310
661,363
661,389
662,388
663,417
664,385
664,366
665,375
666,341
666,324
667,331
668,297
669,301
669,325
670,343
671,375
672,384
672,392
673,385
674,365
675,365
675,355
676,331
677,334
678,301
678,292
679,320
680,328
681,357
681,397
683,384
684,394
685,382
685,365
686,351
687,334
688,314
688,289
689,291
690,314
691,324
691,366
692,388
693,385
694,391
694,378
695,364
696,351
697,327
697,303
698,312
699,280
700,317
700,346
701,364
702,396
703,400
703,384
704,376
705,358
706,346
706,335
707,308
708,314
709,296
709,306
710,345
711,357
712,376
712,399
713,373
714,369
715,367
715,347
716,340
717,332
718,301
718,300
719,306
720,328
721,356
721,390
722,396
723,395
724,392
724,380
726,356
727,338
728,333
728,291
729,302
730,304
730,324
731,365
732,380
733,397
733,391
734,381
735,387
736,347
736,334
737,329
738,298
739,292
739,325
740,327
741,367
742,401
742,391
743,401
744,386
745,364
745,362
746,338
747,321
748,314
748,286
749,306
750,335
751,361
751,394
752,396
753,387
754,379
754,353
755,349
756,339
757,315
757,313
758,289
759,296
760,321
760,348
761,380
762,399
763,382
763,388
764,370
765,346
766,344
766,326
768,302
769,295
770,303
770,317
771,345
772,377
773,390
773,382
774,393
775,383
776,354
776,345
777,322
778,287
779,300
779,291
780,319
781,359
782,384
782,402
783,406
784,384
785,375
785,356
786,336
787,326
788,299
788,305
789,305
790,328
791,367
791,381
792,392
793,401
794,374
794,364
795,364
796,342
796,333
797,326
798,296
799,308
799,320
800,341
801,362
802,389
802,388
803,382
804,390
805,360
805,349
806,338
807,316
808,293
808,310
809,309
811,343
812,371
812,391
813,395
814,386
815,390
815,372
816,338
817,334
818,306
818,282
819,305
820,319
821,339
821,386
822,397
823,392
824,396
824,369
825,353
826,348
827,323
827,310
828,305
829,288
830,318
830,345
831,369
832,389
833,388
833,378
834,366
835,354
836,346
836,337
837,323
838,307
839,292
839,310
840,328
841,360
842,384
842,387
843,379
844,380
845,358
845,347
846,342
847,316
848,301
848,295
849,317
850,327
851,360
851,389
852,384
854,386
855,394
855,374
856,354
857,342
858,310
858,302
859,298
860,306
861,346
861,364
862,395
863,415
863,393
864,379
865,374
866,345
866,333
867,324
868,300
869,303
869,310
870,345
871,364
872,382
872,398
873,389
874,371
875,367
875,353
876,333
877,336
878,305
878,297
879,314
880,325
881,357
881,382
882,390
883,387
884,378
884,374
885,351
886,346
887,327
887,301
888,290
889,310
890,310
890,362
891,375
892,389
893,400
893,377
894,385
896,358
897,325
897,320
898,303
899,272
900,311
900,328
901,348
902,401
903,405
903,389
904,390
905,363
906,348
906,338
907,315
908,308
909,293
909,301
910,340
911,355
912,384
912,399
913,379
914,373
915,362
915,347
916,344
917,329
918,315
918,302
919,295
920,326
921,345
921,377
922,394
923,391
924,387
924,381
925,350
926,340
926,334
927,298
928,302
929,303
929,324
930,348
931,371
932,403
932,389
933,384
934,408
935,356
935,339
936,340
937,292
939,293
939,313
940,315
941,356
942,391
942,400
943,406
944,385
945,374
945,361
946,333
947,336
948,316
948,289
949,315
950,317
951,353
951,384
952,386
953,391
954,378
954,360
955,355
956,349
957,330
957,325
958,290
959,301
960,317
960,335
961,374
962,386
963,384
963,384
964,373
965,358
966,343
966,334
967,311
968,291
969,296
969,312
970,327
971,371
972,381
972,389
973,391
974,384
975,369
975,345
976,323
977,305
978,299
978,280
979,327
980,342
982,368
982,412
983,398
984,382
985,384
985,352
986,340
987,340
988,309
988,310
989,302
990,313
991,353
991,371
992,385
993,399
993,374
994,373
995,362
996,346
996,342
997,327
998,307
999,303
999,309
1000,337
1001,362
1002,395
1003,393
1004,393
1004,380
1005,354
1006,341
1007,328
1008,294
1009,307
1009,309
1010,338
1011,381
1012,387
1013,390
1013,392
1014,389
1015,343
1016,339
1017,318
1018,289
1018,291
1019,332
1020,352
1021,382
1022,405
1024,397
1024,376
1025,358
1026,346
1027,332
1028,302
1029,298
1029,311
1030,323
1031,363
1032,385
1033,387
1034,380
1034,371
1035,356
1036,337
1037,326
1038,313
1039,283
1039,306
1040,325
1041,356
1042,392
1043,388
1044,384
1044,377
1045,349
1046,339
1047,320
1048,294
1049,293
1049,302
1050,344
1051,372
1052,379
1053,402
1054,384
1054,371
1055,358
1056,343
1057,317
1058,286
1058,304
1059,326
1060,342
1061,383
1062,409
1063,392
1063,381
1064,382
1065,346
1067,330
1068,309
1069,304
1069,298
1070,336
1071,372
1072,391
1073,399
1074,395
1074,372
1075,361
1076,338
1077,330
1078,311
1079,289
1079,316
1080,335
1081,366
1082,399
1083,391
1084,377
1084,381
1085,351
1086,337
1087,333
1088,304
1089,292
1089,315
1090,338
1091,355
1092,386
1093,400
1094,377
1094,381
1095,363
1096,335
1097,313
1098,288
1099,297
1099,304
1100,341
1101,388
1102,408
1103,390
1103,380
1104,376
1105,334
1106,324
1107,308
1108,294
1108,287
1110,339
1111,366
1112,387
1113,399
1114,388
1114,360
1115,355
1116,337
1117,324
1118,308
1119,293
1119,308
1120,324
1121,363
1122,391
1123,387
1124,381
1124,378
1125,348
1126,344
1127,335
1128,304
1129,293
1129,321
1130,327
1131,354
1132,401
1133,389
1134,383
1134,402
1135,363
1136,335
1137,313
1138,293
1139,298
1139,307
1140,352
1141,399
1142,409
1143,399
1143,397
1144,374
1145,332
1146,337
1147,314
1148,290
1148,301
1149,341
1150,363
1152,387
1153,400
1154,385
1154,359
1155,361
1156,349
1157,325
1158,317
1159,304
1159,303
1160,327
1161,357
1162,384
1163,387
1164,386
1164,380
1165,357
1166,343
1167,333
1168,297
1169,291
1169,314
1170,314
1171,360
1172,390
1173,382
1174,377
1174,397
1175,357
1176,328
1177,317
1178,299
1179,276
1179,308
1180,352
1181,375
1182,398
1183,407
1184,387
1184,364
1185,344
1186,339
1187,310
1188,285
1188,307
1189,329
1190,354
1191,388
1192,399
1193,378
1193,365
1195,362
1196,345
1197,328
1198,328
1199,306
1199,300
1200,335
1201,351
1202,385
1203,387
1204,385
1204,381
1205,362
1206,352
1207,335
1208,304
1209,301
1209,308
1210,322
1211,377
1212,387
1213,396
1214,394
1214,396
1215,352
1216,341
1217,325
1218,296
1219,278
1219,324
1220,346
1221,375
1222,403
1223,401
1224,376
1224,366
1225,357
1226,333
1227,307
1228,296
1229,315
1229,320
1230,357
1231,390
1232,390
1233,383
1233,372
1234,366
1235,342
1236,328
1238,321
1239,289
1239,290
1240,331
1241,350
1242,384
1243,396
1244,381
1244,374
1245,350
1246,334
1247,320
1248,304
1249,291
1249,301
1250,331
1251,367
1252,382
1253,401
1254,384
1254,379
1255,361
1256,336
1257,323
1258,290
1259,284
1259,325
1260,335
1261,377
1262,413
1263,398
1264,380
1264,383
1265,350
1266,325
1267,315
1268,299
1269,301
1269,322
1270,364
1271,390
1272,397
1273,394
1274,378
1274,364
1275,351
1276,336
1277,322
1278,289
1278,305
1280,328
1281,356
1282,392
1283,396
1284,388
1284,389
1285,353
1286,345
1287,332
1288,305
1289,295
1289,304
1290,331
1291,356
1292,381
1293,403
1294,382
1294,383
1295,373
1296,337
1297,319
1298,294
1299,290
1299,308
1300,331
1301,377
1302,408
1303,391
1304,386
1304,380
1305,342
1306,328
1307,314
1308,291
1309,286
1309,319
1310,352
1311,383
1312,393
1313,398
1314,373
1314,355
1315,349
1316,325
1317,309
1318,292
1318,297
1319,315
1320,359
1321,382
1323,393
1324,388
1324,384
1325,351
1326,349
1327,334
1328,304
1329,292
1329,304
1330,324
1331,355
1332,391
1333,396
1334,382
1334,384
1335,383
1336,336
1337,322
1338,312
1339,292
1339,302
1340,350
1341,373
1342,393
1343,405
1344,392
1344,383
1345,353
1346,341
1347,327
1348,297
1349,291
1349,336
1350,345
1351,381
1352,411
1353,395
1354,373
1354,369
1355,351
1356,326
1357,322
1358,301
1359,298
1359,322
1360,357
1361,378
1362,391
1363,384
1363,374
1364,355
1366,348
1367,336
1368,301
1369,296
1369,305
1370,304
1371,355
1372,383
1373,378
1374,384
1374,395
1375,371
1376,338
1377,328
1378,305
1379,269
1379,297
1380,345
1381,354
1382,391
1383,412
1384,385
1384,365
1385,356
1386,335
1387,307
1388,291
1389,298
1389,319
1390,341
1391,386
1392,401
1393,389
1394,371
1394,374
1395,348
1396,325
1397,331
1398,301
1399,290
1399,336
1400,355
1401,379
1402,406
1403,388
1404,374
1404,366
1405,345
1406,333
1408,316
1409,301
1409,304
1410,312
1411,369
1412,382
1413,386
1414,403
1414,389
1415,368
1416,352
1417,337
1418,306
1419,281
1419,314
1420,341
1421,348
1422,407
1423,422
1424,385
1424,386
1425,373
1426,331
1427,307
1428,301
1429,296
1429,307
1430,350
1431,394
1432,402
1433,390
1434,372
1434,363
1435,340
1436,327
1437,331
1438,292
1439,291
1439,338
1440,339
1441,377
1442,396
1443,373
1444,373
1444,364
1445,339
1446,332
1447,312
1448,291
1448,295
1449,305
1451,356
1452,372
1453,383
1454,396
1454,380
1455,366
1456,352
1457,327
1458,287
1459,280
1459,314
1460,326
1461,356
1462,412
1463,409
1464,379
1464,385
1465,368
1466,323
1467,313
1468,311
1469,293
1469,304
1470,361
1471,387
1472,393
1473,397
1474,378
1474,363
1475,350
1476,340
1477,331
1478,298
1479,303
1479,336
1480,339
1481,386
1482,397
1483,379
1484,389
1484,368
1485,347
1486,344
1487,323
1488,294
1489,304
1489,315
1490,351
1491,378
1492,394
1494,398
1494,385
1495,379
1496,353
1497,323
1498,292
1499,296
1499,304
1500,320
1501,370
1502,408
1503,396
1504,386
1504,389
1505,353
1506,322
1507,322
1508,308
1509,279
1509,314
1510,357
1511,364
1512,386
1513,400
1514,366
1514,353
1515,353
1516,335
1517,321
1518,301
1519,297
1519,311
1520,336
1521,374
1522,388
1523,382
1524,384
1524,361
1525,348
1526,338
1527,313
1528,284
1529,297
1529,314
1530,342
1531,387
1532,390
1533,384
1534,389
1534,379
1536,344
1537,323
1538,302
1539,293
1539,298
1540,329
1541,372
1542,394
1543,406
1544,398
1544,385
1545,357
1546,342
1547,330
1548,304
1549,289
1549,326
1550,349
1551,371
1552,395
1553,400
1554,374
1554,372
1555,373
1556,333
1557,329
1558,310
1559,293
1559,314
1560,351
1561,372
1562,401
1563,397
1564,384
1564,368
1565,352
1566,335
1567,319
1568,290
1569,297
1569,317
1570,347
1571,391
1572,383
1573,387
1574,381
1574,365
1575,344
1576,325
1577,309
1579,288
1579,293
1580,329
1581,358
1582,376
1583,403
1584,391
1584,374
1585,366
1586,345
1587,318
1588,295
1589,283
1589,309
1590,336
1591,372
1592,400
1593,398
1594,373
1594,368
1595,358
1596,317
1597,321
1598,303
1599,281
1599,318
1600,359
1601,365
1602,405
1603,390
1604,373
1604,370
1605,348
1606,331
1607,326
1608,299
1609,298
1609,320
1610,346
1611,381
1612,386
1613,397
1614,388
1614,374
1615,348
1616,342
1617,308
1618,286
1619,310
1619,329
1620,349
1622,398
1623,414
1624,390
1624,385
1625,378
1626,343
1627,322
1628,302
1629,298
1629,304
1630,335
1631,388
1632,396
1633,396
1634,392
1634,372
1635,355
1636,334
1637,328
1638,297
1639,282
1639,322
1640,343
1641,371
1642,404
1643,388
1644,373
1644,366
1645,340
1646,330
1647,327
1648,298
1649,293
1649,314
1650,340
1651,368
1652,381
1653,391
1654,374
1654,370
1655,361
1656,333
1657,298
1658,292
1659,299
1659,303
1660,348
1661,394
1662,399
1664,388
1665,386
1665,375
1666,328
1667,319
1668,312
1669,290
1669,288
1670,352
1671,377
1672,380
1673,412
1674,388
1674,353
1675,364
1676,341
1677,320
1678,316
1679,296
1679,325
1680,341
1681,365
1682,396
1683,391
1684,375
1684,385
1685,351
1686,339
1687,340
1688,298
1689,294
1689,322
1690,333
1691,367
1692,402
1693,388
1694,380
1694,397
1695,352
1696,337
1697,308
1698,293
1699,306
1699,312
1700,358
1701,404
1702,392
1703,394
1704,401
1704,363
1705,331
1707,341
1708,306
1709,276
1710,306
1710,344
1711,361
1712,383
1713,408
1714,379
1714,350
1715,362
1716,345
1717,305
1718,313
1719,299
1719,303
1720,335
1721,379
1722,382
1723,390
1724,381
1724,364
1725,345
1726,344
1727,329
1728,290
1729,293
1729,311
1730,332
1731,368
1732,394
1733,383
1734,381
1734,376
1735,345
1736,321
1737,301
1738,299
1739,293
1739,318
1740,375
1741,382
1742,400
1743,403
1744,389
1744,361
1745,341
1746,340
1747,303
1748,285
1750,321
1750,347
1751,360
1752,402
1753,413
1754,379
1754,367
1755,378
1756,334
1757,315
1758,323
1759,293
1759,302
1760,352
1761,372
1762,392
1763,405
1764,381
1764,368
1765,354
1766,350
1767,328
1768,299
1769,305
1769,313
1770,333
1771,379
1772,389
1773,384
1774,393
1774,381
1775,348
1776,332
1777,313
1778,287
1779,287
1779,317
1780,354
1781,371
1782,409
1783,401
1784,378
1784,361
1785,342
1786,326
1787,292
1788,289
1789,317
1789,329
1790,360
1792,401
1793,393
1794,373
1795,370
1795,360
1796,326
1797,324
1798,316
1799,283
1799,301
1800,343
1801,358
1802,389
1803,392
1804,377
1804,365
1805,355
1806,338
1807,323
1808,297
1809,301
1809,307
1810,340
1811,382
1812,384
1813,396
1814,392
1814,368
1815,358
1816,338
1817,317
1818,295
1819,305
1819,325
1820,349
1821,377
1822,410
1823,392
1824,381
1824,383
1825,352
1826,326
1827,316
1828,308
1829,297
1829,334
1830,372
1831,394
1832,400
1833,394
1835,372
1835,360
1836,339
1837,336
1838,311
1839,295
1840,318
1840,345
1841,354
1842,398
1843,391
1844,371
1844,376
1845,355
1846,330
1847,331
1848,305
1849,292
1849,311
1850,332
1851,360
1852,383
1853,394
1854,380
1854,372
1855,356
1856,336
1857,305
1858,280
1859,299
1859,307
1860,334
1861,396
1862,399
1863,382
1864,392
1864,373
1865,334
1866,326
1867,312
1868,289
1869,289
1869,335
1870,368
1871,376
1872,391
1873,395
1874,358
1874,356
1875,351
1876,321
1878,306
1879,302
1880,313
1880,336
1881,372
1882,398
1883,392
1884,384
1884,375
1885,353
1886,336
1887,335
1888,307
1889,292
1889,319
1890,341
1891,369
1892,396
1893,402
1894,375
1894,382
1895,364
1896,331
1897,316
1898,306
1899,298
1899,313
1900,351
1901,395
1902,398
1903,399
1904,397
1904,374
1905,334
1906,348
1907,319
1908,279
1909,304
1909,343
1910,352
1911,384
1912,412
1913,387
1914,363
1914,372
1915,347
1916,312
1917,311
1918,293
1920,299
1920,326
1921,371
1922,394
1923,392
1924,386
1925,371
1925,340
1926,334
1927,329
1928,293
1929,288
1929,315
1930,322
1931,365
1932,388
1933,379
1934,372
1934,378
1935,353
1936,331
1937,318
1938,305
1939,284
1939,308
1940,349
1941,372
1942,388
1943,405
1944,391
1944,369
1945,352
1946,346
1947,300
1948,284
1949,309
1949,331
1950,351
1951,394
1952,417
1953,384
1954,367
1954,377
1955,335
1956,316
1957,328
1958,296
1959,303
1959,349
1960,374
1961,384
1963,404
1964,381
1965,373
1965,359
1966,349
1967,338
1968,310
1969,302
1970,321
1970,322
1971,368
1972,392
1973,377
1974,392
1974,384
1975,349
1976,346
1977,332
1978,296
1979,288
1979,318
1980,343
1981,365
1982,400
1983,404
1984,375
1984,379
1985,362
1986,335
1987,298
1988,300
1989,303
1989,314
1990,358
1991,394
1992,394
1993,384
1994,371
1994,364
1995,327
1996,321
1997,318
1998,281
1999,301
1999,342
2000,351
2001,377
2002,405
2003,368
2004,370
2004,356
2006,340
2007,329
2008,319
2009,298
2010,303
2010,320
2011,361
2012,382
2013,378
2014,394
2014,371
2015,354
2016,353
2017,323
2018,283
2019,298
2019,314
2020,339
2021,369
2022,411
2023,400
2024,380
2024,392
2025,358
2026,324
2027,315
2028,315
2029,299
2029,321
2030,372
2031,393
2032,394
2033,398
2034,379
2034,361
2035,346
2036,338
2037,316
2038,291
2039,314
2039,340
2040,351
2041,391
2042,399
2043,372
2044,380
2044,366
2045,344
2046,337
2048,320
2049,293
2050,305
2050,325
2051,358
2052,386
2053,389
2054,392
2055,375
2055,361
2056,345
2057,311
2058,283
2059,299
2059,298
2060,332
2061,376
2062,408
2063,390
2064,384
2064,382
2065,339
2066,320
2067,311
2068,299
2069,287
2069,324
2070,365
2071,380
2072,391
2073,396
2074,365
2074,358
2075,349
2076,327
2077,312
2078,294
2079,302
2079,326
2080,350
2081,387
2082,394
2083,377
2084,378
2084,360
2085,339
2086,339
2087,314
2088,294
2089,313
2089,330
2091,360
2092,399
2093,390
2094,389
2095,380
2095,363
2096,340
2097,321
2098,303
2099,300
2100,303
2100,345
2101,378
2102,390
2103,398
2104,396
2104,380
2105,349
2106,343
2107,324
2108,296
2109,297
2109,330
2110,356
2111,377
2112,411
2113,396
2114,370
2114,368
2115,354
2116,319
2117,316
2118,303
2119,293
2119,328
2120,360
2121,389
2122,391
2123,388
2124,367
2124,352
2125,337
2126,337
2127,305
2128,294
2129,307
2129,321
2130,352
2131,395
2132,380
2134,385
2135,382
2135,350
2136,336
2137,323
2138,298
2139,287
2140,300
2140,341
2141,369
2142,380
2143,401
2144,389
2145,366
2145,356
2146,348
2147,308
2148,292
2149,306
2149,319
2150,346
2151,383
2152,406
2153,392
2154,370
2154,374
2155,351
2156,319
2157,327
2158,307
2159,287
2159,340
2160,363
2161,378
2162,400
2163,392
2164,372
2164,364
2165,350
2166,333
2167,314
2168,303
2169,308
2169,325
2170,357
2171,391
2172,383
2173,399
2174,389
2174,360
2176,345
2177,342
2178,298
2179,286
2180,319
2180,327
2181,355
2182,400
2183,403
2184,378
2185,382
2185,367
2186,340
2187,303
2188,303
2189,308
2189,305
2190,347
2191,395
2192,389
2193,385
2194,387
2194,368
2195,341
2196,332
2197,321
2198,287
2199,285
2199,331
2200,351
2201,371
2202,399
2203,385
2204,361
2204,359
2205,347
2206,322
2207,313
2208,303
2209,292
2209,318
2210,360
2211,378
2212,387
2213,396
2214,376
2214,365
2215,346
2216,331
2217,294
2219,289
2220,320
2220,321
2221,359
2222,404
2223,400
2224,374
2225,393
2225,365
2226,326
2227,313
2228,315
2229,290
2230,314
2230,361
2231,393
2232,393
2233,409
2234,386
2234,371
2235,348
2236,339
2237,322
2238,295
2239,300
2239,340
2240,353
2241,383
2242,414
2243,376
2244,375
2244,365
2245,343
2246,328
2247,332
2248,294
2249,306
2249,323
2250,355
2251,385
2252,387
2253,390
2254,378
2254,362
2255,354
2256,335
2257,294
2258,300
2259,306
2259,311
2260,366
2262,394
2263,386
2264,385
2265,398
2265,352
2266,325
2267,316
2268,300
2269,274
2270,310
2270,352
2271,374
2272,387
2273,412
2274,378
2275,357
2275,347
2276,336
2277,305
2278,295
2279,302
2279,323
2280,350
2281,387
2282,397
2283,374
2284,372
2284,359
2285,343
2286,332
2287,334
2288,295
2289,304
2289,319
2290,350
2291,377
2292,390
2293,387
2294,383
2294,366
2295,354
2296,326
2297,310
2298,304
2299,302
2299,327
2300,376
2301,387
2302,397
2304,397
2305,394
2305,358
2306,340
2307,334
2308,299
2309,286
2310,323
2310,350
2311,370
2312,403
2313,410
2314,373
2315,368
2315,367
2316,332
2317,318
2318,311
2319,298
2319,318
2320,357
2321,382
2322,390
2323,383
2324,375
2324,359
2325,343
2326,339
2327,327
2328,290
2329,306
2329,315
2330,341
2331,379
2332,384
2333,376
2334,388
2334,357
2335,347
2336,330
2337,307
2338,288
2339,297
2339,323
2340,353
2341,376
2342,402
2343,393
2344,378
2344,362
2345,341
2347,314
2348,284
2349,290
2350,306
2350,341
2351,378
2352,410
2353,393
2354,379
2355,367
2355,355
2356,327
2357,324
2358,312
2359,291
2360,324
2360,358
2361,374
2362,388
2363,390
2364,371
2364,365
2365,350
2366,344
2367,324
2368,296
2369,306
2369,318
2370,347
2371,386
2372,390
2373,398
2374,395
2374,372
2375,351
2376,336
2377,309
2378,286
2379,307
2379,331
2380,355
2381,402
2382,416
2383,388
2384,379
2384,369
2385,335
2386,312
2387,304
2388,299
2390,302
2390,348
2391,381
2392,394
2393,393
2394,378
2395,361
2395,358
2396,329
2397,331
2398,306
2399,284
2400,320
2400,345
2401,366
2402,397
2403,393
2404,369
2405,365
2405,348
2406,333
2407,316
2408,293
2409,289
2409,312
2410,339
2411,388
2412,385
2413,394
2414,382
2414,354
2415,347
2416,330
2417,293
2418,292
2419,306
2419,318
2420,359
2421,392
2422,393
2423,379
2424,383
2424,367
2425,335
2426,321
2427,321
2428,293
2429,305
2429,353
2430,373
2432,380
2433,405
2434,386
2435,365
2435,362
2436,340
2437,326
2438,305
2439,293
2440,324
2440,348
2441,372
2442,406
2443,393
2444,373
2445,375
2445,355
2446,330
2447,330
2448,303
2449,294
2449,328
2450,349
2451,386
2452,393
2453,393
2454,377
2454,370
2455,350
2456,336
2457,303
2458,307
2459,303
2459,315
2460,359
2461,387
2462,382
2463,382
2464,391
2464,361
2465,331
2466,335
2467,317
2468,276
2469,311
2469,345
2470,359
2471,383
2472,411
2473,380
2475,358
2475,364
2476,339
2477,310
2478,303
2479,294
2480,310
2480,340
2481,374
2482,400
2483,382
2484,374
2485,366
2485,343
2486,330
2487,331
2488,293
2489,294
2490,323
2490,340
2491,376
2492,390
2493,386
2494,382
2494,368
2495,348
2496,337
2497,311
2498,305
2499,300
2499,317
2500,362
2501,379
2502,386
2503,394
2504,392
2504,361
2505,350
2506,342
2507,296
2508,287
2509,320
2509,336
2510,364
2511,396
2512,414
2513,385
2514,373
2514,374
2515,339
2516,313
2518,314
2519,294
2520,305
2520,352
2521,382
2522,394
2523,395
2524,383
2525,363
2525,345
2526,336
2527,327
2528,295
2529,299
2530,323
2530,341
2531,368
2532,392
2533,383
2534,376
2535,374
2535,351
2536,330
2537,325
2538,294
2539,290
2539,316
2540,346
2541,373
2542,396
2543,393
2544,381
2544,369
2545,344
2546,325
2547,284
2548,287
2549,308
2549,324
2550,365
2551,408
2552,403
2553,381
2554,372
2554,362
2555,323
2556,318
2557,316
2558,286
2560,314
2560,351
2561,372
2562,384
2563,390
2564,377
2565,364
2565,350
2566,347
2567,329
2568,300
2569,306
2570,320
2570,335
2571,375
2572,398
2573,383
2574,390
2575,368
2575,355
2576,343
2577,320
2578,294
2579,310
2580,315
2580,354
2581,385
2582,400
2583,390
2584,385
2584,376
2585,345
2586,329
2587,298
2588,302
2589,297
2589,331
2590,376
2591,398
2592,400
2593,392
2594,371
2594,361
2595,333
2596,326
2597,310
2598,283
2599,316
2599,349
2600,366
2601,390
2603,397
2604,366
2605,359
2605,353
2606,336
2607,326
2608,307
2609,294
2610,307
2610,335
2611,369
2612,392
2613,382
2614,384
2615,369
2615,353
2616,331
2617,315
2618,288
2619,300
2620,309
2620,352
2621,384
2622,394
2623,388
2624,381
2624,372
2625,333
2626,323
2627,308
2628,292
2629,296
2629,339
2630,366
2631,389
2632,402
2633,393
2634,372
2634,363
2635,340
2636,334
2637,308
2638,295
2639,314
2639,342
2640,366
2641,403
2642,394
2643,375
2644,372
2644,356
2646,335
2647,336
2648,309
2649,293
2650,316
2650,335
2651,376
2652,395
2653,391
2654,388
2655,377
2655,351
2656,351
2657,312
2658,300
2659,306
2660,305
2660,355
2661,378
2662,381
2663,400
2664,392
2665,372
2665,343
2666,334
2667,303
2668,279
2669,302
2669,333
2670,350
2671,387
2672,409
2673,389
2674,363
2674,364
2675,343
2676,316
2677,303
2678,301
2679,306
2679,340
2680,369
2681,388
2682,385
2683,378
2684,368
2684,352
2685,336
2686,332
2688,292
2689,286
2690,315
2690,326
2691,365
2692,391
2693,386
2694,385
2695,377
2695,348
2696,341
2697,313
2698,303
2699,292
2700,318
2700,356
2701,375
2702,394
2703,400
2704,388
2705,369
2705,349
2706,339
2707,299
2708,289
2709,323
2710,327
2710,353
2711,403
2712,407
2713,379
2714,374
2714,371
2715,341
2716,325
2717,324
2718,301
2719,299
2719,351
2720,374
2721,387
2722,396
2723,389
2724,368
2724,356
2725,346
2726,330
2727,297
2728,297
2729,317
2729,326
2731,376
2732,393
2733,393
2734,385
2735,375
2735,343
2736,337
2737,316
2738,296
2739,292
2740,319
2740,345
2741,372
2742,399
2743,390
2744,373
2745,374
2745,349
2746,327
2747,299
2748,300
2749,306
2750,311
2750,354
2751,393
2752,392
2753,383
2754,382
2754,362
2755,332
2756,324
2757,316
2758,283
2759,303
2759,345
2760,362
2761,387
2762,404
2763,384
2764,363
2764,358
2765,339
2766,317
2767,305
2768,301
2769,307
2769,340
2770,372
2771,392
2772,393
2774,379
2775,371
2775,358
2776,340
2777,328
2778,298
2779,300
2780,325
2780,336
2781,377
2782,404
2783,394
2784,380
2785,394
2785,346
2786,330
2787,314
2788,300
2789,294
2790,323
2790,363
2791,397
2792,400
2793,391
2794,386
2795,366
2795,339
2796,332
2797,315
2798,281
2799,314
2799,341
2800,358
2801,394
2802,404
2803,374
2804,372
2804,359
2805,337
2806,323
2807,314
2808,291
2809,305
2809,332
2810,361
2811,394
2812,384
2813,380
2814,371
2814,346
2816,340
2817,324
2818,288
2819,306
2820,305
2820,334
2821,381
2822,378
2823,384
2824,385
2825,381
2825,345
2826,336
2827,315
2828,289
2829,284
2830,329
2830,355
2831,376
2832,404
2833,401
2834,376
2835,365
2835,346
2836,327
2837,303
2838,292
2839,313
2840,333
2840,366
2841,392
2842,400
2843,379
2844,371
2844,367
2845,335
2846,332
2847,325
2848,288
2849,319
2849,340
2850,355
2851,396
2852,389
2853,379
2854,383
2854,354
2855,342
2856,332
2857,298
2859,301
2860,308
2860,338
2861,374
2862,386
2863,395
2864,401
2865,385
2865,348
2866,345
2867,311
2868,275
2869,302
2870,328
2870,346
2871,394
2872,413
2873,392
2874,376
2875,365
2875,342
2876,321
2877,300
2878,300
2879,299
2880,332
2880,372
2881,386
2882,385
2883,379
2884,364
2884,353
2885,339
2886,336
2887,314
2888,288
2889,312
2889,321
2890,357
2891,391
2892,382
2893,382
2894,379
2894,351
2895,342
2896,324
2897,294
2898,289
2899,310
2899,349
2900,365
2902,395
2903,402
2904,382
2905,376
2905,353
2906,333
2907,305
2908,291
2909,310
2910,315
2910,351
2911,395
2912,403
2913,390
2914,377
2915,376
2915,344
2916,331
2917,320
2918,306
2919,295
2920,344
2920,364
2921,379
2922,396
2923,393
2924,367
2925,365
2925,348
2926,334
2927,310
2928,298
2929,310
2929,322
2930,363
2931,390
2932,385
2933,389
2934,380
2934,357
2935,345
2936,329
2937,301
2938,286
2939,313
2939,340
2940,355
2941,404
2942,402
2944,375
2945,383
2945,356
2946,329
2947,305
2948,294
2949,298
2950,304
2950,353
2951,391
2952,393
2953,389
2954,378
2955,372
2955,337
2956,330
2957,321
2958,292
2959,288
2960,342
2960,353
2961,376
2962,403
2963,384
2964,363
2965,363
2965,347
2966,327
2967,312
2968,298
2969,303
2970,323
2970,365
2971,391
2972,387
2973,386
2974,382
2974,349
2975,342
2976,333
2977,299
2978,299
2979,321
2979,323
2980,369
2981,396
2982,387
2983,385
2984,395
2984,356
2985,333
2987,320
2988,308
2989,287
2990,313
2990,359
2991,383
2992,395
2993,405
2994,390
2995,363
2995,343
2996,342
2997,312
2998,287
2999,310
3000,333
3000,352
3001,388
3002,402
3003,383
3004,366
3005,374
3005,347
3006,321
3007,318
3008,297
3009,288
3010,334
3010,359
3011,386
3012,397
3013,388
3014,372
3015,351
3015,340
3016,321
3017,296
3018,294
3019,306
3019,321
3020,372
3021,387
3022,383
3023,384
3024,396
3024,349
3025,331
3026,325
3027,294
3028,275
3030,323
3030,345
3031,374
3032,405
3033,402
3034,384
3035,362
3035,350
3036,338
3037,303
3038,291
3039,312
3040,318
3040,359
3041,400
3042,400
3043,384
3044,376
3045,364
3045,338
3046,324
3047,322
3048,295
3049,303
3050,339
3050,356
3051,390
3052,394
3053,385
3054,383
3055,359
3055,347
3056,330
3057,304
3058,301
3059,305
3059,328
3060,372
3061,378
3062,398
3063,393
3064,389
3064,358
3065,344
3066,325
3067,288
3068,287
3069,323
3069,335
3070,378
3072,415
3073,402
3074,377
3075,371
3075,354
3076,324
3077,305
3078,300
3079,299
3080,316
3080,363
3081,388
3082,386
3083,386
3084,370
3085,360
3085,340
3086,332
3087,319
3088,285
3089,300
3090,329
3090,350
3091,388
3092,390
3093,383
3094,379
3095,350
3095,346
3096,327
3097,305
3098,290
3099,298
3100,333
3100,359
3101,380
3102,405
3103,383
3104,382
3104,364
3105,339
3106,317
3107,290
3108,296
3109,319
3109,337
3110,385
3111,408
3112,396
3113,381
3115,382
3115,347
3116,329
3117,325
3118,307
3119,291
3120,333
3120,358
3121,381
3122,397
3123,388
3124,374
3125,361
3125,351
3126,334
3127,321
3128,296
3129,314
3130,318
3130,357
3131,385
3132,391
3133,386
3134,386
3135,352
3135,346
3136,340
3137,306
3138,296
3139,315
3140,315
3140,355
3141,394
3142,386
3143,383
3144,382
3145,372
3145,336
3146,315
3147,301
3148,292
3149,292
3149,345
3150,374
3151,385
3152,408
3153,389
3154,369
3154,350
3155,333
3156,314
3158,294
3159,286
3160,330
3160,344
3161,378
3162,402
3163,389
3164,359
3165,366
3165,349
3166,320
3167,322
3168,302
3169,294
3170,324
3170,360
3171,372
3172,393
3173,384
3174,375
3175,359
3175,351
3176,339
3177,305
3178,299
3179,310
3180,313
3180,356
3181,392
3182,389
3183,386
3184,406
3185,372
3185,331
3186,330
3187,300
3188,279
3189,308
3189,351
3190,374
3191,406
3192,413
3193,395
3194,371
3194,346
3195,346
3196,316
3197,292
3198,307
3200,329
3200,347
3201,396
3202,401
3203,378
3204,369
3205,366
3205,348
3206,329
3207,329
3208,302
3209,294
3210,324
3210,355
3211,373
3212,393
3213,391
3214,377
3215,360
3215,350
3216,329
3217,297
3218,301
3219,302
3220,304
3220,364
3221,386
3222,387
3223,388
3224,400
3225,357
3225,330
3226,328
3227,293
3228,268
3229,310
3230,346
3230,363
3231,405
3232,412
3233,383
3234,362
3234,356
3235,337
3236,307
3237,299
3238,310
3239,314
3239,346
3240,392
3241,392
3243,378
3244,376
3245,367
3245,346
3246,335
3247,329
3248,296
3249,294
3250,333
3250,346
3251,380
3252,398
3253,393
3254,384
3255,366
3255,351
3256,334
3257,310
3258,302
3259,301
3260,315
3260,371
3261,380
3262,398
3263,395
3264,389
3265,363
3265,345
3266,332
3267,294
3268,281
3269,326
3270,335
3270,361
3271,416
3272,403
3273,374
3274,380
3275,363
3275,327
3276,319
3277,317
3278,297
3279,304
3279,356
3280,381
3281,385
3282,385
3283,379
3284,362
3284,342
3286,344
3287,324
3288,288
3289,298
3290,321
3290,330
3291,385
3292,393
3293,387
3294,390
3295,362
3295,341
3296,332
3297,310
3298,292
3299,299
3300,315
3300,357
3301,376
3302,392
3303,384
3304,375
3305,369
3305,347
3306,321
3307,296
3308,299
3309,308
3310,323
3310,371
3311,398
3312,392
3313,384
3314,385
3315,358
3315,330
3316,330
3317,319
3318,282
3319,321
3319,361
3320,366
3321,390
3322,407
3323,374
3324,364
3324,364
3325,335
3326,317
3328,300
3329,299
3330,317
3330,348
3331,388
3332,401
3333,390
3334,390
3335,361
3335,346
3336,339
3337,322
3338,291
3339,308
3340,326
3340,348
3341,385
3342,390
3343,375
3344,380
3345,382
3345,343
3346,325
3347,303
3348,292
3349,298
3350,322
3350,367
3351,393
3352,393
3353,394
3354,391
3355,350
3355,332
3356,322
3357,295
3358,280
3359,321
3360,351
3360,375
3361,403
3362,404
3363,370
3364,356
3364,353
3365,324
3366,312
3367,298
3368,292
3369,312
3369,353
3371,380
3372,394
3373,386
3374,379
3375,360
3375,342
3376,335
3377,320
3378,289
3379,311
3380,315
3380,345
3381,388
3382,390
3383,382
3384,402
3385,382
3385,342
3386,332
3387,301
3388,283
3389,298
3390,332
3390,368
3391,399
3392,412
3393,404
3394,384
3395,357
3395,343
3396,320
3397,293
3398,294
3399,321
3400,347
3400,383
3401,405
3402,400
3403,371
3404,368
3405,363
3405,324
3406,326
3407,311
3408,290
3409,322
3409,353
3410,365
3411,396
3412,385
3414,374
3415,369
3415,349
3416,338
3417,319
3418,292
3419,299
3420,308
3420,338
3421,379
3422,385
3423,385
3424,396
3425,377
3425,336
3426,335
3427,298
3428,266
3429,303
3430,331
3430,353
3431,400
3432,413
3433,390
3434,372
3435,362
3435,339
3436,309
3437,301
3438,299
3439,307
3440,339
3440,380
3441,389
3442,387
3443,377
3444,363
3445,352
3445,331
3446,332
3447,310
3448,290
3449,326
3450,346
3450,363
3451,402
3452,389
3453,377
3454,377
3454,351
3456,339
3457,328
3458,299
3459,299
3460,320
3460,349
3461,377
3462,390
3463,395
3464,385
3465,376
3465,351
3466,340
3467,299
3468,289
3469,314
3470,318
3470,352
3471,410
3472,408
3473,389
3474,387
3475,374
3475,331
3476,322
3477,315
3478,293
3479,299
3480,353
3480,383
3481,375
3482,396
3483,385
3484,353
3485,352
3485,341
3486,320
3487,298
3488,292
3489,323
3490,330
3490,367
3491,397
3492,384
3493,377
3494,379
3494,344
3495,333
3496,330
3497,289
3499,284
3500,317
3500,339
3501,367
3502,399
3503,394
3504,372
3505,376
3505,344
3506,322
3507,291
3508,287
3509,304
3510,314
3510,361
3511,416
3512,390
3513,388
3514,395
3515,364
3515,328
3516,333
3517,314
3518,287
3519,310
3520,361
3520,376
3521,383
3522,412
3523,387
3524,354
3525,358
3525,349
3526,313
3527,304
3528,299
3529,312
3530,341
3530,386
3531,398
3532,396
3533,393
3534,370
3535,348
3535,338
3536,328
3537,293
3538,303
3539,326
3539,340
3540,373
3542,402
3543,391
3544,384
3545,393
3545,346
3546,323
3547,300
3548,290
3549,299
3550,315
3550,367
3551,402
3552,393
3553,393
3554,392
3555,349
3555,331
3556,337
3557,302
3558,284
3559,319
3560,347
3560,362
3561,387
3562,396
3563,370
3564,355
3565,363
3565,336
3566,307
3567,311
3568,294
3569,299
3570,344
3570,373
3571,380
3572,399
3573,383
3574,364
3575,350
3575,338
3576,319
3577,290
3578,296
3579,311
3580,340
3580,375
3581,395
3582,383
3584,383
3585,389
3585,342
3586,327
3587,313
3588,290
3589,293
3590,325
3590,363
3591,389
3592,407
3593,400
3594,387
3595,359
3595,349
3596,341
3597,299
3598,296
3599,325
3600,336
3600,370
3601,404
3602,396
3603,377
3604,370
3605,367
3605,331
3606,323
3607,320
3608,290
3609,307
3610,356
3610,363
3611,392
3612,404
3613,379
3614,369
3615,356
3615,339
3616,322
3617,302
3618,303
3619,309
3620,341
3620,379
3621,383
3622,387
3623,386
3624,370
3624,347
3625,335
3627,315
3628,277
3629,296
3630,321
3630,343
3631,377
3632,408
3633,385
3634,378
3635,372
3635,348
3636,318
3637,301
3638,302
3639,300
3640,327
3640,374
3641,391
3642,392
3643,391
3644,367
3645,352
3645,325
3646,327
3647,303
3648,285
3649,312
3650,346
3650,353
3651,397
3652,394
3653,372
3654,374
3655,359
3655,336
3656,332
3657,313
3658,296
3659,316
3660,341
3660,372
3661,386
3662,402
3663,385
3664,374
3665,362
3665,342
3666,312
3667,283
3668,303
3670,317
3670,339
3671,392
3672,411
3673,385
3674,396
3675,388
3675,339
3676,326
3677,313
3678,293
3679,299
3680,341
3680,380
3681,396
3682,407
3683,398
3684,372
3685,349
3685,342
3686,325
3687,292
3688,287
3689,317
3690,336
3690,368
3691,401
3692,376
3693,373
3694,372
3695,345
3695,335
3696,339
3697,301
3698,295
3699,315
3700,328
3700,362
3701,382
3702,391
3703,379
3704,374
3705,368
3705,337
3706,300
3707,289
3708,290
3709,300
3710,347
3710,396
3712,396
3713,392
3714,396
3715,368
3715,325
3716,326
3717,308
3718,284
3719,298
3720,354
3720,374
3721,381
3722,415
3723,389
3724,351
3725,366
3725,346
3726,315
3727,319
3728,301
3729,314
3730,337
3730,367
3731,388
3732,388
3733,381
3734,382
3735,353
3735,343
3736,346
3737,302
3738,294
3739,319
3740,324
3740,367
3741,400
3742,392
3743,383
3744,401
3745,362
3745,335
3746,317
3747,294
3748,286
3749,314
3750,351
3750,393
3751,401
3752,404
3753,401
3755,361
3755,329
3756,347
3757,300
3758,278
3759,316
3760,338
3760,356
3761,396
3762,407
3763,373
3764,357
3765,368
3765,336
3766,315
3767,325
3768,297
3769,300
3770,330
3770,364
3771,371
3772,389
3773,385
3774,369
3775,350
3775,350
3776,327
3777,293
3778,294
3779,304
3780,315
3780,372
3781,393
3782,386
3783,391
3784,383
3785,354
3785,330
3786,316
3787,294
3788,283
3789,321
3790,357
3790,367
3791,401
3792,412
3793,373
3794,369
3795,358
3795,335
3796,302
3798,308
3799,313
3800,325
3800,357
3801,398
3802,400
3803,384
3804,379
3805,378
3805,337
3806,331
3807,331
3808,286
3809,304
3810,347
3810,357
3811,381
3812,409
3813,378
3814,374
3815,363
3815,351
3816,324
3817,305
3818,296
3819,310
3820,328
3820,372
3821,390
3822,393
3823,395
3824,384
3825,354
3825,339
3826,325
3827,282
3828,281
3829,317
3830,340
3830,368
3831,409
3832,396
3833,373
3834,378
3835,354
3835,321
3836,301
3837,301
3838,299
3840,315
3841,358
3841,395
3842,388
3843,386
3844,381
3845,360
3845,332
3846,332
3847,309
3848,276
3849,306
3850,339
3850,356
3851,393
3852,409
3853,374
3854,370
3855,354
3855,332
3856,317
3857,308
3858,292
3859,309
3860,333
3860,370
3861,392
3862,390
3863,394
3864,370
3865,355
3865,349
3866,316
3867,290
3868,311
3869,312
3870,341
3870,379
3871,407
3872,392
3873,397
3874,388
3875,352
3875,327
3876,315
3877,303
3878,292
3879,324
3880,372
3880,387
3881,403
3883,404
3884,375
3885,358
3886,349
3886,325
3887,304
3888,291
3889,307
3890,337
3890,362
3891,395
3892,398
3893,381
3894,376
3895,357
3895,331
3896,333
3897,311
3898,286
3899,309
3900,328
3900,355
3901,389
3902,385
3903,379
3904,374
3905,364
3905,340
3906,311
3907,292
3908,294
3909,295
3910,334
3910,375
3911,390
3912,387
3913,400
3914,380
3915,342
3915,334
3916,317
3917,284
3918,291
3919,327
3920,359
3920,377
3921,411
3922,398
3923,370
3924,360
3926,348
3926,316
3927,304
3928,303
3929,300
3930,331
3930,365
3931,391
3932,389
3933,388
3934,373
3935,356
3935,344
3936,346
3937,312
3938,301
3939,317
3940,325
3940,357
3941,395
3942,383
3943,389
3944,392
3945,367
3945,346
3946,327
3947,306
3948,292
3949,299
3950,344
3950,372
3951,383
3952,409
3953,401
3954,373
3955,355
3955,351
3956,309
3957,289
3958,309
3959,324
3960,349
3960,387
3961,413
3962,394
3963,369
3964,373
3965,347
3965,312
3966,319
3968,302
3969,284
3970,334
3971,360
3971,374
3972,388
3973,381
3974,363
3975,354
3975,344
3976,336
3977,303
3978,296
3979,302
3980,314
3980,353
3981,391
3982,375
3983,390
3984,386
3985,357
3985,339
3986,329
3987,292
3988,275
3989,308
3990,337
3990,364
3991,390
3992,414
3993,378
3994,374
3995,358
3995,334
3996,296
3997,299
3998,306
3999,319
4000,356
4000,402
4001,407
4002,387
4003,381
4004,375
4005,342
4005,329
4006,329
4007,298
4008,297
4009,347
4011,364
4011,378
4012,405
4013,384
4014,365
4015,365
4016,350
4016,336
4017,319
4018,302
4019,305
4020,320
4020,359
4021,394
4022,385
4023,401
4024,388
4025,351
4025,353
4026,335
4027,286
4028,296
4029,319
4030,326
4030,361
4031,400
4032,401
4033,377
4034,395
4035,356
4035,331
4036,299
4037,303
4038,297
4039,304
4040,352
4040,399
4041,387
4042,389
4043,386
4044,358
4045,333
4045,336
4046,314
4047,290
4048,297
4049,335
4050,353
4050,373
4051,398
4052,374
4054,364
4055,359
4056,345
4056,325
4057,320
4058,295
4059,297
4060,315
4060,356
4061,382
4062,385
4063,399
4064,379
4065,358
4065,354
4066,324
4067,288
4068,298
4069,314
4070,320
4070,372
4071,408
4072,395
4073,385
4074,400
4075,357
4075,328
4076,319
4077,317
4078,289
4079,316
4080,364
4080,391
4081,391
4082,402
4083,386
4084,360
4085,349
4085,348
4086,316
4087,298
4088,307
4089,331
4090,356
4090,383
4091,401
4092,377
4093,376
4094,366
4096,348
4096,334
4097,328
4098,292
4099,303
4100,321
4101,358
4101,384
4102,386
4103,391
4104,377
4105,361
4105,354
4106,318
4107,293
4108,299
4109,296
4110,319
4110,372
4111,387
4112,386
4113,388
4114,387
4115,347
4115,333
4116,322
4117,295
4118,280
4119,320
4120,353
4120,370
4121,396
4122,406
4123,372
4124,357
4125,354
4125,326
4126,308
4127,303
4128,298
4129,317
4130,353
4130,382
4131,389
4132,381
4133,377
4134,362
4135,342
4135,336
4136,324
4137,293
4139,307
4140,323
4141,353
4141,386
4142,392
4143,393
4144,391
4145,367
4146,354
4146,329
4147,312
4148,290
4149,304
4150,335
4150,365
4151,389
4152,403
4153,391
4154,376
4155,361
4155,345
4156,324
4157,300
4158,297
4159,317
4160,347
4160,374
4161,404
4162,396
4163,379
4164,379
4165,362
4165,328
4166,321
4167,299
4168,289
4169,321
4170,359
4170,384
4171,397
4172,392
4173,369
4174,355
4175,338
4175,328
4176,316
4177,286
4178,301
4179,320
4180,345
4180,384
4182,383
4183,377
4184,387
4185,350
4186,342
4186,333
4187,306
4188,287
4189,312
4190,325
4190,351
4191,384
4192,395
4193,379
4194,382
4195,367
4195,341
4196,313
4197,291
4198,298
4199,305
4200,345
4200,383
4201,403
4202,394
4203,386
4204,370
4205,350
4205,325
4206,325
4207,304
4208,293
4209,331
4210,362
4210,378
4211,401
4212,395
4213,367
4214,364
4215,351
4215,339
4216,323
4217,302
4218,304
4219,323
4220,348
4220,389
4221,386
4222,392
4224,388
4225,358
4226,352
4226,346
4227,302
4228,298
4229,318
4230,318
4231,354
4231,397
4232,392
4233,384
4234,395
4235,373
4235,334
4236,312
4237,306
4238,291
4239,295
4240,349
4240,385
4241,390
4242,403
4243,392
4244,360
4245,343
4245,333
4246,315
4247,293
4248,289
4249,321
4250,350
4250,375
4251,399
4252,383
4253,358
4254,359
4255,346
4255,326
4256,329
4257,303
4258,291
4259,320
4260,338
4260,381
4261,386
4262,384
4263,382
4264,362
4265,348
4265,339
4267,294
4268,298
4269,304
4270,312
4271,365
4271,392
4272,387
4273,388
4274,399
4275,366
4276,335
4276,329
4277,310
4278,282
4279,313
4280,350
4280,374
4281,393
4282,419
4283,386
4284,365
4285,362
4285,342
4286,321
4287,313
4288,305
4289,320
4290,347
4290,376
4291,401
4292,384
4293,375
4294,372
4295,351
4295,335
4296,340
4297,300
4298,296
4299,324
4300,340
4300,378
4301,383
4302,383
4303,381
4304,370
4305,357
4305,335
4306,301
4307,299
4308,296
4310,312
4311,363
4311,379
4312,389
4313,399
4314,389
4315,358
4316,341
4316,326
4317,292
4318,278
4319,313
4320,336
4321,359
4321,390
4322,406
4323,372
4324,360
4325,363
4325,331
4326,307
4327,313
4328,298
4329,308
4330,351
4330,379
4331,385
4332,386
4333,373
4334,363
4335,351
4335,340
4336,335
4337,296
4338,293
4339,320
4340,346
4340,372
4341,402
4342,386
4343,383
4344,368
4345,348
4345,323
4346,315
4347,301
4348,301
4349,328
4350,366
4350,380
4352,402
4353,395
4354,385
4355,370
4356,349
4356,337
4357,296
4358,298
4359,321
4360,331
4361,369
4361,410
4362,407
4363,382
4364,380
4365,361
4365,328
4366,318
4367,313
4368,292
4369,314
4370,354
4370,385
4371,389
4372,394
4373,377
4374,353
4375,347
4375,342
4376,323
4377,292
4378,302
4379,316
4380,335
4380,370
4381,396
4382,378
4383,390
4384,364
4385,340
4385,330
4386,310
4387,284
4388,301
4389,311
4390,348
4390,378
4391,395
4392,387
4393,382
4395,367
4396,341
4396,317
4397,288
4398,299
4399,307
4400,325
4401,371
4401,405
4402,395
4403,382
4404,375
4405,352
4406,331
4406,322
4407,310
4408,290
4409,312
4410,355
4410,381
4411,393
4412,403
4413,377
4414,358
4415,357
4415,339
4416,324
4417,308
4418,303
4419,318
4420,345
4420,375
4421,398
4422,390
4423,392
4424,371
4425,351
4425,340
4426,319
4427,294
4428,312
4429,316
4430,353
4430,385
4431,394
4432,385
4433,389
4434,385
4435,338
4435,330
4436,313
4438,294
4439,303
4440,335
4441,365
4441,394
4442,399
4443,392
4444,370
4445,352
4446,339
4446,329
4447,298
4448,292
4449,314
4450,342
4451,366
4451,390
4452,387
4453,372
4454,366
4455,353
4455,331
4456,325
4457,304
4458,289
4459,311
4460,333
4460,367
4461,388
4462,384
4463,381
4464,366
4465,345
4465,338
4466,302
4467,293
4468,301
4469,303
4470,356
4470,379
4471,383
4472,393
4473,390
4474,364
4475,343
4475,340
4476,314
4477,287
4478,310
4480,340
4481,357
4481,386
4482,404
4483,390
4484,366
4485,370
4486,349
4486,322
4487,308
4488,304
4489,310
4490,348
4491,377
4491,396
4492,400
4493,383
4494,369
4495,357
4495,334
4496,340
4497,308
4498,294
4499,326
4500,343
4500,374
4501,400
4502,389
4503,376
4504,374
4505,343
4505,339
4506,319
4507,303
4508,298
4509,314
4510,352
4510,372
4511,388
4512,392
4513,383
4514,375
4515,344
4515,341
4516,301
4517,276
4518,310
4519,325
4520,344
4520,397
4521,411
4523,385
4524,377
4525,367
4526,331
4526,309
4527,300
4528,290
4529,299
4530,344
4531,374
4531,391
4532,393
4533,377
4534,359
4535,346
4536,333
4536,325
4537,300
4538,300
4539,323
4540,333
4540,367
4541,390
4542,385
4543,378
4544,376
4545,342
4545,343
4546,323
4547,296
4548,297
4549,322
4550,341
4550,370
4551,398
4552,392
4553,384
4554,389
4555,350
4555,338
4556,299
4557,293
4558,317
4559,325
4560,358
4560,410
4561,409
4562,385
4563,389
4564,369
4566,334
4566,328
4567,316
4568,289
4569,308
4570,349
4571,371
4571,392
4572,398
4573,380
4574,365
4575,352
4576,344
4576,331
4577,307
4578,309
4579,318
4580,330
4581,371
4581,390
4582,379
4583,380
4584,370
4585,343
4585,342
4586,328
4587,291
4588,302
4589,316
4590,328
4590,375
4591,389
4592,384
4593,377
4594,386
4595,341
4595,327
4596,304
4597,298
4598,291
4599,319
4600,360
4600,394
4601,393
4602,385
4603,381
4604,351
4605,334
4605,329
4606,312
4608,288
4609,315
4610,337
4611,361
4611,385
4612,398
4613,375
4614,367
4615,358
4616,342
4616,329
4617,320
4618,298
4619,309
4620,334
4621,364
4621,391
4622,387
4623,385
4624,376
4625,355
4625,344
4626,326
4627,294
4628,312
4629,310
4630,340
4630,384
4631,387
4632,395
4633,400
4634,387
4635,343
4635,343
4636,314
4637,290
4638,293
4639,331
4640,360
4640,390
4641,406
4642,398
4643,377
4644,359
4645,345
4645,329
4646,305
4647,292
4648,311
4649,332
4651,369
4651,384
4652,392
4653,378
4654,367
4655,364
4656,341
4656,329
4657,317
4658,280
4659,304
4660,333
4661,359
4661,397
4662,390
4663,383
4664,372
4665,349
4666,330
4666,317
4667,292
4668,293
4669,301
4670,346
4670,374
4671,381
4672,395
4673,379
4674,371
4675,347
4675,332
4676,313
4677,290
4678,302
4679,334
4680,346
4680,383
4681,409
4682,391
4683,381
4684,376
4685,345
4685,331
4686,307
4687,294
4688,306
4689,332
4690,371
4690,394
4691,396
4692,387
4694,370
4695,361
4696,341
4696,330
4697,315
4698,289
4699,321
4700,336
4701,367
4701,399
4702,394
4703,382
4704,382
4705,354
4706,344
4706,330
4707,302
4708,294
4709,307
4710,344
4711,363
4711,387
4712,402
4713,381
4714,379
4715,358
4715,340
4716,311
4717,287
4718,304
4719,317
4720,339
4720,389
4721,408
4722,387
4723,381
4724,376
4725,337
4725,322
4726,308
4727,294
4728,287
4729,338
4730,365
4730,381
4731,397
4732,392
4733,360
4734,356
4736,335
4736,323
4737,302
4738,290
4739,310
4740,323
4741,368
4741,392
4742,389
4743,383
4744,373
4745,345
4746,336
4746,332
4747,303
4748,290
4749,321
4750,334
4751,356
4751,396
4752,391
4753,375
4754,391
4755,367
4756,336
4756,314
4757,303
4758,298
4759,302
4760,354
4760,390
4761,402
4762,400
4763,389
4764,376
4765,342
4765,333
4766,320
4767,295
4768,297
4769,345
4770,360
4770,385
4771,406
4772,390
4773,366
4774,367
4775,351
4775,324
4776,315
4777,303
4779,301
4780,330
4781,358
4781,388
4782,396
4783,389
4784,379
4785,352
4786,340
4786,328
4787,292
4788,292
4789,316
4790,316
4791,365
4791,395
4792,374
4793,382
4794,397
4795,352
4796,335
4796,318
4797,296
4798,281
4799,305
4800,350
4800,380
4801,393
4802,403
4803,392
4804,364
4805,340
4805,339
4806,302
4807,279
4808,307
4809,324
4810,356
4810,388
4811,393
4812,385
4813,358
4814,366
4815,349
4815,318
4816,322
4817,307
4818,294
4819,340
4820,357
4820,382
4822,396
4823,390
4824,374
4825,364
4826,347
4826,334
4827,308
4828,297
4829,308
4830,324
4831,375
4831,388
4832,395
4833,391
4834,389
4835,358
4836,335
4836,321
4837,305
4838,280
4839,322
4840,357
4841,372
4841,411
4842,415
4843,383
4844,372
4845,354
4845,336
4846,311
4847,290
4848,309
4849,324
4850,358
4850,396
4851,401
4852,382
4853,365
4854,365
4855,337
4855,321
4856,325
4857,290
4858,294
4859,340
4860,347
4860,388
4861,392
4862,374
4864,378
4865,355
4866,340
4866,328
4867,302
4868,293
4869,298
4870,320
4871,365
4871,373
4872,395
4873,388
4874,384
4875,358
4876,335
4876,316
4877,284
4878,280
4879,328
4880,335
4881,376
4881,413
4882,399
4883,379
4884,371
4885,348
4886,325
4886,310
4887,299
4888,308
4889,324
4890,364
4890,386
4891,388
4892,385
4893,376
4894,366
4895,350
4895,339
4896,326
4897,292
4898,307
4899,327
4900,352
4900,391
4901,396
4902,388
4903,388
4904,355
4905,348
4905,335
4907,309
4908,297
4909,305
4910,335
4911,362
4911,382
4912,401
4913,383
4914,385
4915,374
4916,342
4916,321
4917,298
4918,297
4919,310
4920,336
4921,376
4921,403
4922,402
4923,382
4924,379
4925,346
4926,323
4926,315
4927,299
4928,288
4929,329
4930,352
4930,378
4931,392
4932,388
4933,365
4934,356
4935,350
4935,333
4936,319
4937,296
4938,303
4939,313
4940,352
4940,374
4941,390
4942,386
4943,380
4944,353
4945,348
4945,332
4946,297
4947,293
4948,303
4950,317
4951,351
4951,394
4952,388
4953,379
4954,391
4955,370
4956,332
4956,320
4957,301
4958,291
4959,305
4960,348
4961,380
4961,394
4962,399
4963,396
4964,377
4965,348
4966,350
4966,326
4967,297
4968,297
4969,330
4970,342
4971,383
4971,396
4972,393
4973,372
4974,369
4975,360
4975,330
4976,317
4977,304
4978,296
4979,320
4980,372
4980,381
4981,396
4982,403
4983,378
4984,357
4985,356
4985,330
4986,302
4987,297
4988,303
4989,316
4990,359
4990,390
4992,387
4993,382
4994,387
4995,367
4996,328
4996,320
4997,313
4998,276
4999,297
5000,355
5001,363
5001,389
5002,413
5003,383
5004,368
5005,364
5006,338
5006,315
5007,290
5008,291
5009,320
5010,338
5011,377
5011,402
5012,385
5013,368
5014,373
5015,351
5016,317
5016,321
5017,295
5018,283
5019,331
5020,356
5020,381
5021,406
5022,392
5023,374
5024,361
5025,340
5025,332
5026,310
5027,303
5028,309
5029,312
5030,370
5030,381
5031,377
5032,389
5033,386
5035,364
5036,346
5036,338
5037,307
5038,283
5039,316
5040,339
5041,347
5041,401
5042,415
5043,384
5044,382
5045,376
5046,337
5046,317
5047,306
5048,300
5049,308
5050,349
5051,390
5051,400
5052,394
5053,378
5054,371
5055,344
5056,328
5056,327
5057,295
5058,288
5059,336
5060,341
5060,377
5061,401
5062,380
5063,372
5064,363
5065,344
5065,335
5066,322
5067,299
5068,302
5069,310
5070,359
5070,372
5071,377
5072,392
5073,375
5074,362
5075,356
5075,327
5076,293
5078,285
5079,312
5080,324
5081,354
5081,404
5082,405
5083,377
5084,383
5085,370
5086,325
5086,311
5087,316
5088,288
5089,303
5090,365
5091,378
5091,389
5092,399
5093,374
5094,359
5095,349
5096,335
5096,330
5097,299
5098,302
5099,335
5100,335
5101,378
5101,399
5102,380
5103,387
5104,371
5105,344
5105,345
5106,325
5107,293
5108,308
5109,318
5110,347
5110,378
5111,393
5112,387
5113,383
5114,380
5115,352
5115,328
5116,294
5117,289
5118,307
5120,318
5121,372
5121,411
5122,397
5123,390
5124,395
5125,358
5126,330
5126,322
5127,304
5128,278
5129,312
5130,362
5131,373
5131,389
5132,403
5133,365
5134,353
5135,355
5136,331
5136,315
5137,298
5138,296
5139,317
5140,343
5141,381
5141,393
5142,382
5143,381
5144,360
5145,349
5146,339
5146,322
5147,288
5148,301
5149,313
5150,343
5150,380
5151,393
5152,385
5153,387
5154,380
5155,341
5155,322
5156,294
5157,289
5158,296
5159,326
5160,377
5160,401
5161,403
5163,397
5164,384
5165,351
5166,336
5166,326
5167,306
5168,291
5169,329
5170,355
5171,374
5171,390
5172,397
5173,372
5174,362
5175,368
5176,333
5176,323
5177,311
5178,298
5179,310
5180,348
5181,371
5181,396
5182,394
5183,387
5184,366
5185,354
5186,339
5186,319
5187,291
5188,302
5189,317
5190,351
5191,392
5191,386
5192,387
5193,388
5194,373
5195,341
5195,326
5196,306
5197,283
5198,294
5199,332
5200,356
5200,381
5201,405
5202,389
5203,374
5204,363
5206,340
5206,318
5207,300
5208,292
5209,318
5210,341
5211,370
5211,396
5212,395
5213,370
5214,368
5215,357
5216,319
5216,325
5217,305
5218,283
5219,320
5220,351
5221,366
5221,402
5222,388
5223,371
5224,366
5225,347
5226,336
5226,327
5227,297
5228,302
5229,317
5230,348
5231,386
5231,381
5232,397
5233,387
5234,368
5235,349
5235,339
5236,306
5237,289
5238,309
5239,332
5240,352
5240,392
5241,412
5242,387
5243,378
5244,378
5245,343
5245,318
5246,314
5248,304
5249,303
5250,343
5251,386
5251,389
5252,396
5253,386
5254,363
5255,351
5256,338
5256,331
5257,302
5258,289
5259,322
5260,340
5261,366
5261,401
5262,388
5263,375
5264,374
5265,345
5266,332
5266,326
5267,296
5268,290
5269,315
5270,343
5271,369
5271,390
5272,400
5273,377
5274,373
5275,353
5276,330
5276,291
5277,286
5278,305
5279,315
5280,343
5280,400
5281,397
5282,377
5283,384
5284,373
5285,328
5285,321
5286,317
5287,289
5288,297
5289,349
5291,380
5291,373
5292,405
5293,392
5294,361
5295,360
5296,345
5296,321
5297,302
5298,293
5299,320
5300,336
5301,372
5301,402
5302,390
5303,381
5304,375
5305,345
5306,336
5306,331
5307,301
5308,296
5309,325
5310,348
5311,368
5311,402
5312,394
5313,376
5314,393
5315,354
5316,336
5316,309
5317,298
5318,305
5319,310
5320,357
5321,404
5321,393
5322,388
5323,395
5324,363
5325,327
5325,335
5326,310
5327,277
5328,306
5329,354
5330,368
5330,385
5331,410
5332,384
5334,353
5335,368
5336,342
5336,311
5337,311
5338,296
5339,307
5340,339
5341,379
5341,390
5342,390
5343,378
5344,365
5345,340
5346,336
5346,326
5347,289
5348,289
5349,317
5350,334
5351,368
5351,392
5352,382
5353,374
5354,385
5355,349
5356,329
5356,311
5357,300
5358,291
5359,317
5360,363
5361,388
5361,395
5362,402
5363,390
5364,358
5365,341
5365,335
5366,300
5367,283
5368,320
5369,344
5370,360
5370,396
5371,413
5372,374
5373,366
5374,374
5376,333
5376,316
5377,324
5378,294
5379,307
5380,352
5381,373
5381,393
5382,400
5383,381
5384,371
5385,353
5386,347
5386,333
5387,296
5388,304
5389,314
5390,329
5391,377
5391,389
5392,383
5393,387
5394,379
5395,347
5396,333
5396,315
5397,290
5398,294
5399,321
5400,360
5401,375
5401,406
5402,401
5403,380
5404,364
5405,349
5406,326
5406,296
5407,296
5408,310
5409,324
5410,358
5410,398
5411,393
5412,378
5413,369
5414,361
5415,323
5415,327
5416,317
5417,286
5419,305
5420,348
5421,351
5421,391
5422,398
5423,375
5424,371
5425,360
5426,341
5426,323
5427,303
5428,297
5429,305
5430,337
5431,375
5431,377
5432,391
5433,388
5434,369
5435,356
5436,341
5436,315
5437,285
5438,304
5439,322
5440,344
5441,380
5441,417
5442,393
5443,384
5444,386
5445,350
5446,324
5446,306
5447,301
5448,297
5449,331
5450,374
5451,395
5451,398
5452,393
5453,375
5454,356
5455,337
5455,334
5456,311
5457,293
5458,319
5459,344
5460,354
5460,396
5462,386
5463,369
5464,376
5465,359
5466,333
5466,333
5467,308
5468,293
5469,311
5470,338
5471,367
5471,386
5472,401
5473,381
5474,375
5475,354
5476,333
5476,305
5477,278
5478,300
5479,312
5480,336
5481,397
5481,405
5482,381
5483,382
5484,372
5485,328
5486,322
5486,316
5487,292
5488,293
5489,343
5490,372
5491,382
5491,398
5492,391
5493,359
5494,355
5495,346
5495,327
5496,306
5497,300
5498,314
5499,328
5500,362
5500,395
5501,386
5502,382
5504,379
5505,353
5506,337
5506,338
5507,303
5508,294
5509,319
5510,336
5511,369
5511,396
5512,402
5513,380
5514,385
5515,359
5516,333
5516,312
5517,301
5518,296
5519,312
5520,350
5521,395
5521,391
5522,396
5523,393
5524,367
5525,338
5526,343
5526,319
5527,287
5528,308
5529,342
5530,353
5531,380
5531,411
5532,384
5533,358
5534,372
5535,347
5536,314
5536,318
5537,298
5538,299
5539,327
5540,367
5540,387
5541,388
5542,386
5543,373
5544,345
5545,340
5545,330
5547,294
5548,291
5549,315
5550,320
5551,369
5551,396
5552,386
5553,379
5554,381
5555,353
5556,330
5556,319
5557,306
5558,283
5559,313
5560,356
5561,368
5561,384
5562,406
5563,378
5564,364
5565,351
5566,348
5566,306
5567,292
5568,312
5569,331
5570,348
5571,392
5571,408
5572,383
5573,368
5574,382
5575,341
5576,319
5576,332
5577,294
5578,295
5579,346
5580,365
5581,379
5581,403
5582,386
5583,374
5584,357
5585,350
5585,332
5586,305
5587,298
5588,314
5590,321
5591,373
5591,395
5592,386
5593,394
5594,384
5595,350
5596,338
5596,327
5597,299
5598,286
5599,322
5600,348
5601,357
5601,399
5602,400
5603,370
5604,373
5605,361
5606,333
5606,302
5607,301
5608,306
5609,311
5610,352
5611,397
5611,396
5612,385
5613,381
5614,369
5615,331
5616,328
5616,316
5617,278
5618,297
5619,339
5620,353
5621,383
5621,406
5622,372
5623,367
5624,354
5625,339
5626,321
5626,308
5627,294
5628,307
5629,326
5630,367
5630,380
5632,385
5633,390
5634,378
5635,363
5636,347
5636,331
5637,287
5638,291
5639,317
5640,336
5641,367
5641,420
5642,400
5643,381
5644,390
5645,351
5646,324
5646,307
5647,305
5648,296
5649,320
5650,371
5651,396
5651,395
5652,402
5653,377
5654,360
5655,344
5656,333
5656,319
5657,291
5658,314
5659,341
5660,350
5661,390
5661,406
5662,375
5663,382
5664,364
5665,337
5666,331
5666,316
5667,290
5668,306
5669,326
5670,357
5670,385
5671,389
5672,384
5673,375
5675,366
5676,348
5676,318
5677,288
5678,299
5679,297
5680,330
5681,374
5681,401
5682,389
5683,386
5684,386
5685,342
5686,320
5686,312
5687,295
5688,284
5689,320
5690,367
5691,378
5691,397
5692,404
5693,363
5694,355
5695,351
5696,323
5696,310
5697,299
5698,302
5699,333
5700,355
5701,389
5701,390
5702,375
5703,376
5704,362
5705,338
5706,343
5706,319
5707,292
5708,310
5709,326
5710,353
5711,394
5711,393
5712,387
5713,389
5714,374
5715,343
5715,325
5716,304
5718,295
5719,300
5720,343
5721,375
5721,395
5722,400
5723,400
5724,381
5725,344
5726,337
5726,323
5727,292
5728,296
5729,328
5730,355
5731,381
5731,413
5732,399
5733,365
5734,369
5735,358
5736,318
5736,319
5737,305
5738,296
5739,332
5740,358
5741,384
5741,387
5742,378
5743,372
5744,356
5745,338
5746,343
5746,306
5747,291
5748,305
5749,312
5750,349
5751,394
5751,378
5752,389
5753,391
5754,359
5755,342
5756,326
5756,296
5757,284
5758,302
5760,336
5761,367
5761,385
5762,409
5763,389
5764,365
5765,355
5766,341
5766,297
5767,291
5768,300
5769,312
5770,350
5771,384
5771,403
5772,388
5773,370
5774,376
5775,354
5776,320
5776,332
5777,306
5778,287
5779,341
5780,361
5781,375
5781,405
5782,391
5783,370
5784,369
5785,350
5786,337
5786,311
5787,296
5788,302
5789,321
5790,353
5791,384
5791,388
5792,396
5793,394
5794,372
5795,340
5796,340
5796,298
5797,281
5798,321
5799,335
5800,361
5800,412
5801,414
5803,381
5804,383
5805,359
5806,333
5806,302
5807,299
5808,303
5809,309
5810,347
5811,395
5811,386
5812,383
5813,377
5814,363
5815,340
5816,334
5816,327
5817,291
5818,290
5819,333
5820,348
5821,370
5821,400
5822,383
5823,373
5824,366
5825,349
5826,326
5826,312
5827,292
5828,290
5829,310
5830,358
5831,386
5831,388
5832,398
5833,375
5834,354
5835,345
5836,326
5836,287
5837,289
5838,323
5839,326
5840,366
5841,405
5841,397
5842,374
5843,392
5844,363
5846,328
5846,323
5847,318
5848,290
5849,309
5850,357
5851,386
5851,386
5852,406
5853,387
5854,367
5855,352
5856,344
5856,316
5857,295
5858,298
5859,330
5860,352
5861,384
5861,407
5862,386
5863,377
5864,369
5865,353
5866,326
5866,325
5867,299
5868,295
5869,321
5870,361
5871,377
5871,395
5872,396
5873,373
5874,369
5875,347
5876,324
5876,295
5877,296
5878,309
5879,320
5880,364
5881,405
5881,388
5882,376
5883,394
5884,350
5885,323
5886,329
5886,310
5888,277
5889,317
5890,352
5891,373
5891,380
5892,405
5893,377
5894,360
5895,355
5896,338
5896,308
5897,295
5898,296
5899,313
5900,343
5901,383
5901,405
5902,382
5903,381
5904,363
5905,338
5906,331
5906,325
5907,290
5908,304
5909,320
5910,355
5911,383
5911,389
5912,387
5913,381
5914,362
5915,353
5916,325
5916,313
5917,303
5918,302
5919,324
5920,365
5921,379
5921,394
5922,398
5923,390
5924,361
5925,349
5926,334
5926,296
5927,287
5928,320
5929,344
5931,370
5931,409
5932,411
5933,377
5934,372
5935,364
5936,329
5936,314
5937,310
5938,293
5939,314
5940,357
5941,381
5941,392
5942,386
5943,373
5944,360
5945,344
5946,342
5946,328
5947,291
5948,308
5949,322
5950,344
5951,378
5951,379
5952,378
5953,381
5954,358
5955,351
5956,328
5956,312
5957,286
5958,299
5959,329
5960,356
5961,379
5961,399
5962,393
5963,373
5964,364
5965,340
5966,315
5966,292
5967,293
5968,308
5969,340
5970,375
5971,409
5971,399
5972,374
5974,364
5975,357
5976,319
5976,325
5977,311
5978,285
5979,324
5980,361
5981,373
5981,394
5982,392
5983,367
5984,363
5985,351
5986,339
5986,326
5987,303
5988,312
5989,319
5990,343
5991,383
5991,386
5992,390
5993,395
5994,369
5995,352
5996,341
5996,308
5997,284
5998,310
5999,327
6000,353
6001,401
6001,414
6002,388
6003,383
6004,371
6005,332
6006,314
6006,301
6007,301
6008,301
6009,350
6010,381
6011,398
6011,394
6012,383
6013,366
6014,353
6016,327
6017,327
6017,302
6018,286
6019,324
6020,346
6021,366
6021,396
6022,389
6023,365
6024,367
6025,346
6026,337
6026,319
6027,299
6028,296
6029,308
6030,335
6031,380
6031,376
6032,393
6033,384
6034,364
6035,351
6036,337
6036,298
6037,288
6038,306
6039,313
6040,352
6041,403
6041,401
6042,385
6043,387
6044,367
6045,329
6046,316
6046,318
6047,291
6048,303
6049,357
6050,379
6051,383
6051,405
6052,382
6053,361
6054,359
6055,343
6056,331
6056,313
6057,300
6059,327
6060,342
6061,367
6062,402
6062,386
6063,375
6064,381
6065,358
6066,338
6066,336
6067,300
6068,290
6069,320
6070,337
6071,381
6071,391
6072,392
6073,382
6074,371
6075,355
6076,342
6076,303
6077,307
6078,302
6079,308
6080,360
6081,384
6081,386
6082,390
6083,392
6084,358
6085,333
6086,333
6086,313
6087,278
6088,309
6089,342
6090,360
6091,382
6091,407
6092,374
6093,353
6094,365
6095,340
6096,306
6096,307
6097,298
6098,310
6099,343
6100,375
6102,389
6102,385
6103,376
6104,367
6105,349
6106,331
6106,334
6107,293
6108,288
6109,321
6110,339
6111,369
6111,394
6112,387
6113,382
6114,369
6115,351
6116,332
6116,308
6117,304
6118,295
6119,321
6120,367
6121,384
6121,390
6122,401
6123,394
6124,359
6125,351
6126,341
6126,301
6127,290
6128,323
6129,338
6130,369
6131,399
6131,415
6132,380
6133,368
6134,371
6135,341
6136,309
6136,316
6137,293
6138,304
6139,357
6140,385
6141,392
6141,400
6142,384
6144,360
6145,348
6146,335
6147,329
6147,296
6148,303
6149,321
6150,339
6151,370
6151,394
6152,387
6153,385
6154,372
6155,351
6156,328
6156,311
6157,287
6158,295
6159,316
6160,350
6161,379
6161,395
6162,393
6163,380
6164,359
6165,347
6166,326
6166,287
6167,292
6168,312
6169,322
6170,367
6171,394
6171,397
6172,378
6173,371
6174,367
6175,329
6176,315
6176,316
6177,287
6178,306
6179,354
6180,371
6181,386
6181,401
6182,379
6183,361
6184,351
6185,340
6187,325
6187,300
6188,301
6189,320
6190,344
6191,372
6192,396
6192,388
6193,382
6194,374
6195,357
6196,334
6196,333
6197,297
6198,301
6199,322
6200,347
6201,381
6201,406
6202,389
6203,386
6204,383
6205,344
6206,331
6206,305
6207,300
6208,301
6209,330
6210,372
6211,398
6211,397
6212,390
6213,376
6214,360
6215,332
6216,329
6216,310
6217,285
6218,319
6219,348
6220,362
6221,389
6221,396
6222,366
6223,360
6224,351
6225,335
6226,327
6226,310
6227,296
6228,312
6230,330
6231,363
6232,391
6232,375
6233,382
6234,368
6235,342
6236,339
6236,316
6237,287
6238,305
6239,304
6240,346
6241,380
6241,385
6242,384
6243,388
6244,374
6245,338
6246,336
6246,303
6247,291
6248,299
6249,334
6250,366
6251,387
6251,405
6252,398
6253,370
6254,362
6255,342
6256,326
6256,304
6257,296
6258,315
6259,343
6260,370
6261,395
6261,393
6262,378
6263,370
6264,361
6265,338
6266,341
6266,316
6267,296
6268,321
6269,337
6270,367
6272,393
6272,388
6273,384
6274,380
6275,351
6276,344
6277,317
6277,300
6278,300
6279,310
6280,356
6281,380
6281,393
6282,393
6283,400
6284,369
6285,338
6286,336
6286,298
6287,280
6288,310
6289,333
6290,356
6291,400
6291,407
6292,389
6293,368
6294,358
6295,343
6296,318
6296,297
6297,300
6298,299
6299,338
6300,373
6301,387
6301,388
6302,379
6303,363
6304,346
6305,333
6306,331
6306,300
6307,289
6308,313
6309,329
6310,367
6311,388
6311,384
6312,379
6313,379
6315,348
6316,345
6317,310
6317,298
6318,295
6319,314
6320,354
6321,374
6322,396
6322,403
6323,389
6324,372
6325,343
6326,337
6326,297
6327,287
6328,322
6329,328
6330,358
6331,404
6331,407
6332,384
6333,372
6334,366
6335,344
6336,324
6336,322
6337,303
6338,307
6339,351
6340,368
6341,386
6341,399
6342,384
6343,369
6344,358
6345,344
6346,335
6346,305
6347,297
6348,312
6349,327
6350,371
6351,389
6351,390
6352,387
6353,375
6354,352
6355,340
6356,318
6356,293
6358,291
6359,316
6360,338
6361,371
6362,404
6362,393
6363,378
6364,375
6365,345
6366,326
6366,297
6367,297
6368,304
6369,315
6370,355
6371,394
6371,390
6372,378
6373,375
6374,358
6375,331
6376,326
6376,321
6377,290
6378,302
6379,339
6380,356
6381,381
6381,402
6382,380
6383,369
6384,359
6385,349
6386,321
6386,311
6387,296
6388,303
6389,333
6390,371
6391,397
6391,390
6392,388
6393,373
6394,347
6395,340
6396,330
6396,295
6397,310
6398,319
6400,333
6401,384
6402,392
6402,389
6403,386
6404,393
6405,350
6406,339
6407,321
6407,306
6408,292
6409,327
6410,359
6411,385
6411,401
6412,397
6413,381
6414,362
6415,343
6416,335
6416,313
6417,287
6418,316
6419,333
6420,362
6421,390
6421,397
6422,376
6423,370
6424,366
6425,340
6426,323
6426,315
6427,290
6428,303
6429,332
6430,357
6431,389
6431,386
6432,381
6433,371
6434,349
6435,338
6436,325
6436,289
6437,300
6438,302
6439,330
6440,373
6441,376
6441,383
6443,387
6444,384
6445,347
6446,337
6447,313
6447,289
6448,289
6449,326
6450,352
6451,382
6452,404
6452,398
6453,380
6454,362
6455,344
6456,326
6456,299
6457,292
6458,308
6459,332
6460,374
6461,395
6461,404
6462,379
6463,368
6464,362
6465,337
6466,328
6466,323
6467,290
6468,316
6469,344
6470,365
6471,397
6471,395
6472,385
6473,384
6474,353
6475,343
6476,333
6476,300
6477,303
6478,306
6479,334
6480,369
6481,387
6481,397
6482,400
6483,386
6484,351
6486,345
6487,315
6487,277
6488,302
6489,326
6490,348
6491,394
6492,417
6492,400
6493,376
6494,366
6495,342
6496,320
6497,295
6497,297
6498,292
6499,330
6500,367
6501,385
6501,388
6502,382
6503,361
6504,351
6505,335
6506,332
6506,311
6507,286
6508,313
6509,319
6510,358
6511,392
6511,384
6512,385
6513,382
6514,347
6515,342
6516,326
6516,292
6517,287
6518,301
6519,337
6520,354
6521,393
6521,398
6522,385
6523,381
6524,357
6525,339
6526,303
6526,284
6528,310
6529,311
6530,353
6531,400
6532,410
6532,401
6533,383
6534,379
6535,343
6536,328
6537,320
6537,309
6538,290
6539,346
6540,364
6541,380
6541,399
6542,388
6543,365
6544,366
6545,349
6546,333
6546,316
6547,305
6548,309
6549,321
6550,360
6551,388
6551,394
6552,394
6553,387
6554,355
6555,348
6556,332
6556,302
6557,291
6558,319
6559,327
6560,355
6561,402
6561,384
6562,376
6563,390
6564,357
6565,331
6566,307
6566,294
6567,290
6568,302
6569,346
6571,383
6572,395
6572,399
6573,385
6574,369
6575,336
6576,332
6577,315
6577,289
6578,294
6579,335
6580,346
6581,378
6582,394
6582,380
6583,360
6584,362
6585,344
6586,324
6586,313
6587,301
6588,293
6589,321
6590,358
6591,383
6591,392
6592,391
6593,378
6594,357
6595,353
6596,332
6596,298
6597,295
6598,317
6599,321
6600,371
6601,398
6601,390
6602,384
6603,402
6604,356
6605,330
6606,319
6606,301
6607,282
6608,313
6609,362
6610,386
6611,402
6611,410
6612,397
6614,372
6615,347
6616,347
6617,313
6617,286
6618,312
6619,334
6620,357
6621,396
6622,406
6622,384
6623,367
6624,368
6625,346
6626,320
6627,321
6627,293
6628,288
6629,335
6630,356
6631,387
6631,396
6632,387
6633,379
6634,356
6635,342
6636,325
6636,300
6637,297
6638,303
6639,319
6640,368
6641,388
6641,387
6642,387
6643,397
6644,347
6645,331
6646,314
6646,280
6647,270
6648,320
6649,340
6650,372
6651,404
6651,406
6652,382
6653,361
6654,345
6656,333
6657,301
6657,294
6658,314
6659,312
6660,360
6661,394
6662,391
6662,379
6663,377
6664,360
6665,345
6666,332
6667,323
6667,290
6668,300
6669,332
6670,351
6671,386
6671,392
6672,391
6673,386
6674,361
6675,349
6676,333
6676,306
6677,299
6678,303
6679,335
6680,364
6681,383
6681,405
6682,391
6683,395
6684,364
6685,344
6686,324
6686,290
6687,288
6688,328
6689,335
6690,381
6691,412
6691,398
6692,383
6693,376
6694,351
6695,331
6696,312
6696,303
6697,302
6699,316
6700,361
6701,385
6702,387
6702,387
6703,375
6704,355
6705,344
6706,334
6707,316
6707,288
6708,301
6709,313
6710,349
6711,387
6712,391
6712,386
6713,383
6714,346
6715,342
6716,328
6716,299
6717,292
6718,303
6719,330
6720,355
6721,379
6721,396
6722,372
6723,378
6724,371
6725,336
6726,319
6726,296
6727,298
6728,305
6729,329
6730,379
6731,398
6731,396
6732,389
6733,380
6734,350
6735,333
6736,321
6736,305
6737,289
6738,332
6739,356
6740,380
6742,397
6742,400
6743,372
6744,362
6745,357
6746,328
6747,317
6747,301
6748,302
6749,319
6750,361
6751,382
6752,399
6752,392
6753,384
6754,359
6755,352
6756,339
6757,310
6757,296
6758,309
6759,326
6760,354
6761,392
6761,397
6762,377
6763,389
6764,379
6765,331
6766,323
6766,304
6767,284
6768,296
6769,342
6770,371
6771,393
6771,402
6772,393
6773,378
6774,347
6775,336
6776,317
6776,287
6777,289
6778,329
6779,343
6780,385
6781,409
6781,387
6782,366
6784,361
6785,344
6786,319
6787,318
6787,296
6788,288
6789,320
6790,359
6791,372
6792,393
6792,385
6793,371
6794,358
6795,346
6796,331
6797,307
6797,302
6798,311
6799,306
6800,357
6801,389
6801,381
6802,384
6803,405
6804,373
6805,338
6806,328
6806,299
6807,274
6808,309
6809,353
6810,366
6811,404
6811,421
6812,393
6813,373
6814,358
6815,341
6816,315
6816,304
6817,308
6818,328
6819,348
6820,391
6821,401
6821,382
6822,372
6823,372
6824,349
6825,337
6827,330
6827,300
6828,296
6829,332
6830,352
6831,374
6832,396
6832,385
6833,375
6834,364
6835,349
6836,335
6837,311
6837,303
6838,299
6839,304
6840,365
6841,373
6842,381
6842,391
6843,397
6844,364
6845,340
6846,327
6846,290
6847,268
6848,311
6849,335
6850,353
6851,410
6851,415
6852,381
6853,367
6854,353
6855,331
6856,305
6856,301
6857,306
6858,307
6859,350
6860,392
6861,387
6861,374
6862,375
6863,357
6864,342
6865,339
6866,330
6866,301
6867,297
6868,328
6870,335
6871,378
6872,395
6872,389
6873,387
6874,369
6875,348
6876,339
6877,313
6877,300
6878,301
6879,320
6880,367
6881,374
6882,400
6882,397
6883,382
6884,374
6885,351
6886,329
6887,297
6887,292
6888,320
6889,324
6890,362
6891,412
6891,402
6892,383
6893,392
6894,369
6895,327
6896,329
6896,317
6897,288
6898,310
6899,360
6900,376
6901,387
6901,396
6902,378
6903,355
6904,349
6905,341
6906,318
6906,297
6907,300
6908,324
6909,333
6910,377
6912,385
6912,377
6913,381
6914,368
6915,346
6916,336
6917,319
6917,288
6918,295
6919,310
6920,343
6921,373
6922,399
6922,391
6923,379
6924,373
6925,345
6926,316
6927,290
6927,290
6928,302
6929,322
6930,369
6931,397
6932,385
6932,385
6933,386
6934,356
6935,335
6936,333
6936,314
6937,288
6938,315
6939,355
6940,365
6941,390
6941,405
6942,378
6943,362
6944,365
6945,339
6946,315
6946,303
6947,300
6948,313
6949,353
6950,388
6951,399
6951,392
6952,386
6953,360
6955,348
6956,337
6957,325
6957,295
6958,310
6959,327
6960,347
6961,389
6962,390
6962,383
6963,386
6964,380
6965,345
6966,328
6967,307
6967,297
6968,297
6969,325
6970,368
6971,391
6972,395
6972,397
6973,384
6974,348
6975,345
6976,326
6976,298
6977,286
6978,321
6979,347
6980,373
6981,392
6981,400
6982,367
6983,357
6984,362
6985,321
6986,315
6986,305
6987,286
6988,305
6989,349
6990,366
6991,395
6991,389
6992,376
6993,359
6994,347
6995,331
6996,317
6996,294
6998,303
6999,315
7000,343
7001,382
7002,383
7002,381
7003,392
7004,379
7005,336
7006,335
7007,308
7007,281
7008,303
7009,332
7010,355
7011,391
7012,409
7012,394
7013,380
7014,363
7015,348
7016,322
7017,298
7017,302
7018,320
7019,342
7020,386
7021,403
7021,398
7022,382
7023,369
7024,358
7025,327
7026,331
7026,312
7027,290
7028,321
7029,354
7030,361
7031,398
7031,390
7032,376
7033,378
7034,351
7035,338
7036,325
7036,303
7037,297
7038,318
7040,344
7041,377
7042,382
7042,393
7043,386
7044,370
7045,349
7046,337
7047,303
7047,278
7048,307
7049,324
7050,341
7051,391
7052,404
7052,379
7053,376
7054,375
7055,335
7056,315
7057,309
7057,298
7058,298
7059,338
7060,376
7061,386
7062,394
7062,387
7063,363
7064,345
7065,334
7066,327
7066,298
7067,292
7068,322
7069,336
7070,365
7071,393
7071,379
7072,371
7073,373
7074,349
7075,337
7076,336
7076,306
7077,296
7078,320
7079,341
7080,365
7081,390
7081,397
7083,380
7084,380
7085,360
7086,343
7087,301
7087,293
7088,311
7089,315
7090,351
7091,406
7092,399
7092,386
7093,396
7094,375
7095,327
7096,329
7097,318
7097,291
7098,306
7099,354
7100,380
7101,386
7102,406
7102,391
7103,361
7104,355
7105,346
7106,322
7106,303
7107,298
7108,321
7109,330
7110,374
7111,394
7111,381
7112,379
7113,368
7114,339
7115,338
7116,333
7116,297
7117,293
7118,317
7119,333
7120,364
7121,389
7121,389
7122,377
7123,379
7124,360
7126,330
7127,294
7127,297
7128,293
7129,304
7130,358
7131,396
7132,396
7132,393
7133,397
7134,361
7135,323
7136,326
7137,303
7137,279
7138,308
7139,354
7140,372
7141,387
7142,410
7142,379
7143,352
7144,366
7145,344
7146,314
7147,320
7147,302
7148,309
7149,341
7150,372
7151,385
7151,391
7152,383
7153,374
7154,351
7155,348
7156,335
7156,295
7157,300
7158,317
7159,332
7160,373
7161,399
7161,391
7162,390
7163,394
7164,352
7165,328
7166,311
7166,293
7168,292
7169,316
7170,364
7171,387
7172,402
7172,405
7173,394
7174,357
7175,339
7176,340
7177,299
7177,281
7178,321
7179,341
7180,359
7181,396
7182,406
7182,371
7183,361
7184,368
7185,335
7186,312
7187,319
7187,292
7188,294
7189,341
7190,363
7191,379
7192,397
7192,379
7193,365
7194,353
7195,344
7196,322
7196,293
7197,297
7198,306
7199,328
7200,377
7201,391
7201,386
7202,391
7203,376
7204,350
7205,329
7206,312
7206,287
7207,288
7208,325
7209,358
7211,371
7212,407
7212,398
7213,374
7214,366
7215,352
7216,330
7217,306
7217,308
7218,318
7219,332
7220,369
7221,400
7222,396
7222,383
7223,374
7224,363
7225,332
7226,336
7227,319
7227,290
7228,310
7229,350
7230,352
7231,390
7232,397
7232,376
7233,374
7234,362
7235,338
7236,326
7236,305
7237,297
7238,303
7239,337
7240,375
7241,385
7241,401
7242,393
7243,379
7244,357
7245,340
7246,311
7246,277
7247,298
7248,320
7249,339
7250,382
7251,409
7251,383
7252,377
7254,375
7255,340
7256,319
7257,306
7257,302
7258,298
7259,328
7260,368
7261,385
7262,385
7262,392
7263,375
7264,357
7265,342
7266,332
7267,302
7267,289
7268,312
7269,335
7270,355
7271,401
7272,393
7272,377
7273,372
7274,349
7275,329
7276,328
7277,305
7277,287
7278,309
7279,341
7280,369
7281,390
7281,398
7282,383
7283,372
7284,364
7285,337
7286,314
7286,305
7287,311
7288,310
7289,342
7290,383
7291,398
7291,389
7292,399
7293,384
7294,342
7296,331
7297,317
7297,291
7298,290
7299,337
7300,368
7301,385
7302,413
7302,402
7303,368
7304,359
7305,350
7306,321
7307,306
7307,298
7308,311
7309,336
7310,369
7311,397
7312,389
7312,378
7313,373
7314,351
7315,335
7316,336
7317,302
7317,288
7318,313
7319,326
7320,360
7321,389
7322,387
7322,374
7323,379
7324,361
7325,335
7326,313
7326,297
7327,293
7328,302
7329,340
7330,383
7331,384
7331,394
7332,399
7333,374
7334,337
7335,339
7336,309
7336,277
7337,295
7339,338
7340,354
7341,387
7342,420
7342,391
7343,362
7344,363
7345,346
7346,312
7347,312
7347,304
7348,304
7349,332
7350,377
7351,385
7352,390
7352,382
7353,371
7354,354
7355,346
7356,343
7357,309
7357,300
7358,318
7359,319
7360,363
7361,392
7362,383
7362,391
7363,392
7364,360
7365,343
7366,324
7367,306
7367,286
7368,310
7369,352
7370,374
7371,392
7371,417
7372,386
7373,370
7374,355
7375,345
7376,298
7376,292
7377,305
7378,324
7379,353
7380,395
7382,411
7382,384
7383,365
7384,371
7385,333
7386,315
7387,331
7387,291
7388,294
7389,343
7390,356
7391,373
7392,401
7392,377
7393,368
7394,359
7395,345
7396,329
7397,307
7397,293
7398,302
7399,311
7400,361
7401,383
7402,378
7402,391
7403,385
7404,356
7405,342
7406,327
7407,283
7407,278
7408,316
7409,339
7410,361
7411,413
7411,412
7412,376
7413,382
7414,357
7415,327
7416,302
7416,306
7417,302
7418,317
7419,362
7420,400
7421,389
7421,385
7422,381
7424,369
7425,340
7426,338
7427,328
7427,289
7428,310
7429,342
7430,348
7431,381
7432,411
7432,376
7433,377
7434,367
7435,347
7436,334
7437,319
7437,295
7438,306
7439,326
7440,364
7441,391
7442,386
7442,400
7443,377
7444,356
7445,346
7446,316
7447,288
7447,297
7448,309
7449,338
7450,370
7451,408
7452,396
7452,376
7453,386
7454,353
7455,322
7456,307
7456,306
7457,288
7458,315
7459,368
7460,386
7461,388
7461,394
7462,371
7463,358
7464,343
7465,328
7467,312
7467,288
7468,305
7469,334
7470,347
7471,384
7472,399
7472,373
7473,376
7474,361
7475,335
7476,332
7477,315
7477,287
7478,299
7479,327
7480,356
7481,392
7482,393
7482,394
7483,375
7484,367
7485,341
7486,314
7487,294
7487,300
7488,303
7489,336
7490,374
7491,407
7492,395
7492,391
7493,390
7494,347
7495,331
7496,322
7497,303
7497,290
7498,323
7499,364
7500,385
7501,402
7501,403
7502,377
7503,361
7504,358
7505,329
7506,311
7506,298
7507,304
7508,327
7510,360
7511,393
7512,397
7512,386
7513,379
7514,358
7515,338
7516,338
7517,309
7517,292
7518,305
7519,323
7520,353
7521,395
7522,386
7522,387
7523,383
7524,361
7525,341
7526,317
7527,303
7527,294
7528,293
7529,332
7530,373
7531,378
7532,399
7532,395
7533,374
7534,352
7535,341
7536,314
7537,287
7537,289
7538,320
7539,346
7540,370
7541,414
7541,397
7542,365
7543,370
7544,360
7545,313
7546,320
7546,307
7547,284
7548,333
7549,361
7550,378
7552,390
7552,393
7553,371
7554,364
7555,345
7556,339
7557,311
7557,299
7558,307
7559,321
7560,349
7561,391
7562,387
7562,389
7563,394
7564,367
7565,338
7566,339
7567,301
7567,278
7568,315
7569,339
7570,362
7571,396
7572,413
7572,388
7573,375
7574,365
7575,349
7576,309
7577,299
7577,307
7578,309
7579,343
7580,388
7581,396
7582,387
7582,381
7583,381
7584,351
7585,323
7586,325
7586,293
7587,283
7588,335
7589,356
7590,377
7591,405
7591,395
7592,362
7593,359
7595,346
7596,325
7597,314
7597,301
7598,295
7599,320
7600,357
7601,385
7602,381
7602,389
7603,374
7604,348
7605,342
7606,336
7607,292
7607,285
7608,315
7609,323
7610,356
7611,395
7612,402
7612,376
7613,387
7614,372
7615,338
7616,306
7617,308
7617,292
7618,304
7619,351
7620,394
7621,396
7622,403
7622,392
7623,374
7624,341
7625,329
7626,320
7627,288
7627,292
7628,338
7629,353
7630,380
7631,412
7631,384
7632,368
7633,369
7634,347
7635,329
7636,329
7636,305
7638,304
7639,324
7640,355
7641,385
7642,388
7642,399
7643,384
7644,357
7645,353
7646,340
7647,289
7647,295
7648,317
7649,307
7650,363
7651,400
7652,393
7652,378
7653,403
7654,359
7655,329
7656,318
7657,312
7657,284
7658,305
7659,353
7660,389
7661,384
7662,404
7662,388
7663,360
7664,341
7665,344
7666,309
7667,288
7667,301
7668,326
7669,347
7670,378
7671,402
7671,372
7672,368
7673,359
7674,343
7675,330
7676,333
7676,296
7677,298
7678,315
7680,350
7681,375
7682,390
7682,384
7683,381
7684,365
7685,356
7686,329
7687,298
7687,307
7688,305
7689,315
7690,375
7691,390
7692,385
7692,396
7693,396
7694,355
7695,338
7696,336
7697,306
7697,283
7698,324
7699,351
7700,364
7701,392
7702,415
7702,375
7703,362
7704,366
7705,339
7706,317
7707,315
7707,305
7708,316
7709,350
7710,384
7711,399
7712,383
7712,380
7713,363
7714,343
7715,336
7716,331
7716,290
7717,305
7718,321
7719,344
7720,376
7721,383
7721,383
7723,382
7724,365
7725,352
7726,325
7727,311
7727,293
7728,292
7729,318
7730,360
7731,380
7732,401
7732,400
7733,384
7734,358
7735,342
7736,324
7737,286
7737,287
7738,315
7739,341
7740,365
7741,399
7742,396
7742,372
7743,360
7744,361
7745,321
7746,315
7747,313
7747,295
7748,312
7749,359
7750,375
7751,385
7752,391
7752,374
7753,364
7754,353
7755,347
7756,324
7757,293
7757,301
7758,318
7759,346
7760,383
7761,394
7761,396
7762,391
7763,367
7764,346
7766,324
7767,314
7767,286
7768,300
7769,333
7770,362
7771,386
7772,414
7772,392
7773,377
7774,372
7775,344
7776,322
7777,306
7777,302
7778,310
7779,344
7780,369
7781,404
7782,397
7782,384
7783,376
7784,362
7785,323
7786,330
7787,305
7787,283
7788,317
7789,349
7790,374
7791,396
7792,395
7792,373
7793,363
7794,349
7795,338
7796,317
7797,297
7797,301
7798,317
7799,335
7800,382
7801,386
7802,387
7802,391
7803,356
7804,340
7805,338
7806,301
7806,284
7808,307
7809,316
7810,351
7811,387
7812,396
7812,377
7813,379
7814,374
7815,338
7816,317
7817,311
7817,295
7818,299
7819,341
7820,371
7821,387
7822,398
7822,388
7823,372
7824,354
7825,334
7826,329
7827,298
7827,293
7828,325
7829,349
7830,378
7831,405
7832,395
7832,372
7833,368
7834,352
7835,337
7836,329
7837,307
7837,302
7838,328
7839,338
7840,384
7841,387
7842,384
7842,384
7843,367
7844,347
7845,348
7846,308
7846,303
7847,310
7848,308
7849,356
7851,390
7852,387
7852,389
7853,396
7854,371
7855,340
7856,331
7857,315
7857,287
7858,301
7859,342
7860,368
7861,384
7862,404
7862,389
7863,358
7864,357
7865,340
7866,312
7867,303
7867,296
7868,312
7869,341
7870,369
7871,395
7872,390
7872,372
7873,369
7874,349
7875,327
7876,334
7877,301
7877,286
7878,320
7879,334
7880,373
7881,393
7882,384
7882,377
7883,367
7884,346
7885,336
7886,304
7887,302
7887,294
7888,311
7889,360
7890,377
7891,377
7891,398
7892,394
7894,364
7895,354
7896,343
7897,305
7897,282
7898,315
7899,335
7900,361
7901,392
7902,420
7902,387
7903,370
7904,373
7905,343
7906,311
7907,313
7907,297
7908,305
7909,346
7910,379
7911,391
7912,390
7912,387
7913,368
7914,355
7915,337
7916,339
7917,304
7917,296
7918,327
7919,341
7920,367
7921,399
7922,387
7922,383
7923,376
7924,352
7925,331
7926,316
7927,299
7927,289
7928,311
7929,355
7930,369
7931,391
7932,401
7932,380
7933,368
7934,350
7936,331
7937,293
7937,289
7938,312
7939,326
7940,357
7941,395
7942,412
7942,380
7943,374
7944,373
7945,328
7946,312
7947,313
7947,283
7948,301
7949,349
7950,371
7951,388
7952,395
7952,374
7953,357
7954,350
7955,336
7956,335
7957,304
7957,302
7958,325
7959,331
7960,364
7961,401
7962,379
7962,385
7963,376
7964,345
7965,340
7966,328
7967,289
7967,302
7968,322
7969,344
7970,377
7971,403
7972,389
7972,384
7973,385
7974,345
7975,332
7976,299
7976,305
7977,310
7979,322
7980,369
7981,406
7982,398
7982,388
7983,384
7984,362
7985,331
7986,332
7987,314
7987,285
7988,313
7989,346
7990,370
7991,388
7992,403
7992,375
7993,355
7994,356
7995,345
7996,325
7997,312
7997,302
7998,308
7999,332
8000,365
8001,395
8002,381
8002,386
8003,369
8004,347
8005,335
8006,322
8007,286
8007,301
8008,309
8009,341
8010,374
8011,393
8012,386
8012,381
8013,385
8014,341
8015,329
8016,307
8017,297
8017,288
8018,326
8019,363
8020,394
8022,396
8022,399
8023,374
8024,354
8025,339
8026,329
8027,304
8027,293
8028,311
8029,341
8030,363
8031,392
8032,399
8032,374
8033,366
8034,364
8035,339
8036,332
8037,321
8037,293
8038,315
8039,336
8040,366
8041,394
8042,391
8042,388
8043,383
8044,353
8045,345
8046,321
8047,293
8047,301
8048,304
8049,343
8050,375
8051,389
8052,391
8052,401
8053,383
8054,340
8055,340
8056,310
8057,285
8057,306
8058,332
8059,359
8060,398
8061,404
8062,399
8062,374
8064,357
8065,345
8066,329
8067,297
8067,296
8068,303
8069,332
8070,364
8071,385
8072,382
8072,379
8073,366
8074,356
8075,337
8076,332
8077,307
8077,286
8078,308
8079,332
8080,364
8081,392
8082,399
8082,387
8083,376
8084,353
8085,334
8086,310
8087,299
8087,290
8088,303
8089,353
8090,372
8091,392
8092,395
8092,378
8093,365
8094,347
8095,334
8096,308
8097,294
8097,311
8098,330
8099,353
8100,389
8101,410
8102,392
8102,371
8103,379
8104,347
8105,326
8107,320
8107,303
8108,299
8109,342
8110,364
8111,393
8112,400
8112,389
8113,369
8114,357
8115,335
8116,328
8117,305
8117,292
8118,317
8119,334
8120,368
8121,398
8122,395
8122,382
8123,379
8124,349
8125,341
8126,325
8127,302
8127,293
8128,321
8129,340
8130,365
8131,394
8132,396
8132,371
8133,382
8134,352
8135,330
8136,303
8137,292
8137,304
8138,310
8139,341
8140,393
8141,399
8142,381
8142,386
8143,369
8144,332
8145,323
8146,317
8147,286
8147,299
8148,340
8150,360
8151,385
8152,402
8152,385
8153,363
8154,354
8155,342
8156,323
8157,306
8157,300
8158,304
8159,328
8160,366
8161,393
8162,390
8162,379
8163,374
8164,347
8165,339
8166,332
8167,303
8167,303
8168,323
8169,330
8170,371
8171,389
8172,389
8172,377
8173,393
8174,361
8175,337
8176,318
8177,306
8177,294
8178,316
8179,353
8180,389
8181,400
8182,398
8182,393
8183,371
8184,341
8185,335
8186,319
8187,286
8187,311
8188,336
8189,357
8190,390
8192,406
8193,378
8193,370
8194,360
8195,342
8196,325
8197,323
8197,297
8198,306
8199,334
8200,358
8201,388
8202,385
8202,378
8203,373
8204,351
8205,338
8206,335
8207,290
8207,303
8208,305
8209,318
8210,371
8211,380
8212,379
8212,384
8213,393
8214,349
8215,336
8216,314
8217,288
8217,276
8218,317
8219,351
8220,383
8221,404
8222,404
8222,386
8223,359
8224,341
8225,334
8226,303
8227,286
8227,308
8228,324
8229,365
8230,392
8231,396
8232,377
8232,367
8233,361
8235,340
8236,327
8237,328
8238,295
8238,312
8239,338
8240,354
8241,392
8242,388
8242,388
8243,380
8244,366
8245,348
8246,337
8247,306
8247,300
8248,303
8249,336
8250,372
8251,389
8252,408
8252,391
8253,387
8254,351
8255,337
8256,315
8257,288
8257,289
8258,327
8259,351
8260,385
8261,415
8262,401
8262,372
8263,366
8264,350
8265,328
8266,310
8267,302
8267,302
8268,329
8269,359
8270,384
8271,392
8272,379
8272,368
8273,360
8274,338
8275,335
8276,316
8278,283
8278,306
8279,320
8280,349
8281,392
8282,385
8282,383
8283,385
8284,351
8285,342
8286,329
8287,293
8287,289
8288,299
8289,329
8290,362
8291,383
8292,403
8292,385
8293,377
8294,360
8295,336
8296,312
8297,284
8297,300
8298,314
8299,345
8300,384
8301,405
8302,398
8302,376
8303,375
8304,351
8305,324
8306,319
8307,312
8307,289
8308,339
8309,360
8310,377
8311,395
8312,392
8312,367
8313,371
8314,352
8315,339
8316,320
8317,296
8317,308
8318,325
8320,356
8321,393
8322,395
8323,391
8323,387
8324,358
8325,346
8326,336
8327,307
8327,288
8328,313
8329,332
8330,356
8331,396
8332,397
8332,375
8333,384
8334,366
8335,333
8336,314
8337,301
8337,299
8338,302
8339,345
8340,381
8341,393
8342,391
8342,382
8343,375
8344,340
8345,329
8346,325
8347,296
8347,287
8348,334
8349,344
8350,374
8351,394
8352,383
8352,365
8353,363
8354,347
8355,330
8356,314
8357,299
8357,294
8358,317
8359,352
8360,382
8361,392
8363,391
8363,383
8364,356
8365,344
8366,332
8367,300
8368,289
8368,314
8369,314
8370,364
8371,395
8372,384
8372,380
8373,399
8374,360
8375,334
8376,323
8377,308
8377,287
8378,308
8379,353
8380,378
8381,393
8382,406
8382,395
8383,376
8384,350
8385,350
8386,321
8387,290
8387,301
8388,325
8389,348
8390,389
8391,402
8392,393
8392,376
8393,371
8394,355
8395,324
8396,318
8397,303
8397,285
8398,332
8399,357
8400,383
8401,397
8402,395
8402,370
8403,367
8404,348
8406,329
8407,308
8408,292
8408,301
8409,318
8410,368
8411,381
8412,386
8412,384
8413,386
8414,358
8415,335
8416,326
8417,303
8417,269
8418,314
8419,341
8420,357
8421,397
8422,408
8422,377
8423,366
8424,360
8425,333
8426,308
8427,293
8427